1.000000000000000000e+03 3.913776053036198732e+01
1.050000000000000000e+03 3.651174551185052053e+01
1.100000000000000000e+03 3.578215443474778823e+01
1.150000000000000000e+03 3.649183484566371760e+01
1.200000000000000000e+03 3.818363429120825003e+01
1.250000000000000000e+03 4.027199854467212958e+01
1.300000000000000000e+03 4.165776628606937493e+01
1.350000000000000000e+03 4.152154472694155629e+01
1.400000000000000000e+03 4.067662229821733177e+01
1.450000000000000000e+03 4.002633693966993889e+01
1.500000000000000000e+03 3.920154340706413620e+01
1.550000000000000000e+03 3.768562139880159378e+01
1.600000000000000000e+03 3.564453356784019178e+01
1.650000000000000000e+03 3.347269160126443666e+01
1.700000000000000000e+03 3.179572036810921531e+01
1.750000000000000000e+03 3.107049003902713835e+01
1.800000000000000000e+03 3.084763880919147638e+01
1.850000000000000000e+03 3.058800337661967106e+01
1.900000000000000000e+03 3.029944642618529116e+01
1.950000000000000000e+03 3.005896075369045306e+01
2.000000000000000000e+03 2.967303361179545362e+01
2.050000000000000000e+03 2.898291752278826294e+01
2.100000000000000000e+03 2.823943163060942396e+01
2.150000000000000000e+03 2.773448844241386269e+01
2.200000000000000000e+03 2.751480729656152846e+01
2.250000000000000000e+03 2.753669076458946563e+01
2.300000000000000000e+03 2.763996751953822795e+01
2.350000000000000000e+03 2.766060744983063202e+01
2.400000000000000000e+03 2.753561920391504714e+01
2.450000000000000000e+03 2.727695490189877958e+01
2.500000000000000000e+03 2.709530179049942333e+01
2.550000000000000000e+03 2.710092084530074885e+01
2.600000000000000000e+03 2.680363283074111536e+01
2.650000000000000000e+03 2.589756163927906840e+01
2.700000000000000000e+03 2.541448388659943092e+01
2.750000000000000000e+03 2.616045813191704994e+01
2.800000000000000000e+03 2.670101798534066972e+01
2.850000000000000000e+03 2.570124950559597465e+01
2.900000000000000000e+03 2.446497349498249463e+01
2.950000000000000000e+03 2.442375014269848776e+01
3.000000000000000000e+03 2.488136244196332925e+01
3.050000000000000000e+03 2.488207703601965193e+01
3.100000000000000000e+03 2.455987236418211594e+01
3.150000000000000000e+03 2.425021961196658893e+01
3.200000000000000000e+03 2.400484915362196503e+01
3.250000000000000000e+03 2.381053189588556762e+01
3.300000000000000000e+03 2.367794168671558097e+01
3.350000000000000000e+03 2.361256532107335104e+01
3.400000000000000000e+03 2.357523844071219088e+01
3.450000000000000000e+03 2.352754269416405464e+01
3.500000000000000000e+03 2.347869491028363598e+01
3.550000000000000000e+03 2.343729395240045577e+01
3.600000000000000000e+03 2.336183164142069302e+01
3.650000000000000000e+03 2.322534449801324996e+01
3.700000000000000000e+03 2.310915488432141984e+01
3.750000000000000000e+03 2.308745893225662726e+01
3.800000000000000000e+03 2.309766201132850938e+01
3.850000000000000000e+03 2.305475848169523445e+01
3.900000000000000000e+03 2.292088942851092170e+01
3.950000000000000000e+03 2.269401290794631620e+01
4.000000000000000000e+03 2.246820813524269411e+01
4.050000000000000000e+03 2.233633963148135848e+01
4.100000000000000000e+03 2.229029198203307160e+01
4.150000000000000000e+03 2.229670478834098901e+01
4.200000000000000000e+03 2.232221765184826623e+01
4.250000000000000000e+03 2.233347017399803747e+01
4.300000000000000000e+03 2.230512332212516924e+01
4.350000000000000000e+03 2.224392352713135423e+01
4.400000000000000000e+03 2.216463858581000324e+01
4.450000000000000000e+03 2.208203629495451992e+01
4.500000000000000000e+03 2.201088445135830440e+01
4.550000000000000000e+03 2.196254641491288240e+01
4.600000000000000000e+03 2.193476779790223929e+01
4.650000000000000000e+03 2.192188977570847896e+01
4.700000000000000000e+03 2.191825352371370172e+01
4.750000000000000000e+03 2.191820021730000789e+01
4.800000000000000000e+03 2.191685728433586888e+01
4.850000000000000000e+03 2.191249716263519787e+01
4.900000000000000000e+03 2.190417854249827556e+01
4.950000000000000000e+03 2.189096011422537913e+01
5.000000000000000000e+03 2.187190056811678218e+01
5.050000000000000000e+03 2.184664120461157921e+01
5.100000000000000000e+03 2.181715376470404166e+01
5.150000000000000000e+03 2.178599259952725475e+01
5.200000000000000000e+03 2.175571206021429660e+01
5.250000000000000000e+03 2.172886649789824887e+01
5.300000000000000000e+03 2.170727915254759566e+01
5.350000000000000000e+03 2.168984881947239884e+01
5.400000000000000000e+03 2.167474318281812629e+01
5.450000000000000000e+03 2.166012992673023874e+01
5.500000000000000000e+03 2.164417673535419695e+01
5.550000000000000000e+03 2.162556914853978896e+01
5.600000000000000000e+03 2.160506412895409412e+01
5.650000000000000000e+03 2.158393649496850841e+01
5.700000000000000000e+03 2.156346106495443493e+01
5.750000000000000000e+03 2.154491265728326255e+01
5.800000000000000000e+03 2.152928100134991496e+01
5.850000000000000000e+03 2.151641547064331661e+01
5.900000000000000000e+03 2.150588034967591966e+01
5.950000000000000000e+03 2.149723992296016206e+01
6.000000000000000000e+03 2.149005847500848887e+01
6.050000000000000000e+03 2.148387860015054684e+01
6.100000000000000000e+03 2.147815613198473983e+01
6.150000000000000000e+03 2.147232521392668048e+01
6.200000000000000000e+03 2.146581998939196012e+01
6.250000000000000000e+03 2.145807460179619142e+01
6.300000000000000000e+03 2.144868863878042120e+01
6.350000000000000000e+03 2.143792346488741885e+01
6.400000000000000000e+03 2.142620588888541278e+01
6.450000000000000000e+03 2.141396271954260300e+01
6.500000000000000000e+03 2.140162076562721438e+01
6.550000000000000000e+03 2.138961103507263317e+01
6.600000000000000000e+03 2.137838133247291239e+01
6.650000000000000000e+03 2.136838366158726998e+01
6.700000000000000000e+03 2.136007002617494877e+01
6.750000000000000000e+03 2.135389242999515602e+01
6.800000000000000000e+03 2.135004295883027936e+01
6.850000000000000000e+03 2.134767402655531043e+01
6.900000000000000000e+03 2.134567812906841056e+01
6.950000000000000000e+03 2.134294776226771617e+01
7.000000000000000000e+03 2.133837542205139215e+01
7.050000000000000000e+03 2.133121652443086802e+01
7.100000000000000000e+03 2.132217816587071013e+01
7.150000000000000000e+03 2.131233036294878858e+01
7.200000000000000000e+03 2.130274313224293792e+01
7.250000000000000000e+03 2.129448649033102114e+01
7.300000000000000000e+03 2.128836604018379219e+01
7.350000000000000000e+03 2.128412973034357947e+01
7.400000000000000000e+03 2.128126109574559521e+01
7.450000000000000000e+03 2.127924367132507655e+01
7.500000000000000000e+03 2.127756099201723217e+01
7.550000000000000000e+03 2.127574654861437509e+01
7.600000000000000000e+03 2.127353365533708640e+01
7.650000000000000000e+03 2.127070558226303731e+01
7.700000000000000000e+03 2.126704559946989548e+01
7.750000000000000000e+03 2.126233697703533565e+01
7.800000000000000000e+03 2.125646653397906150e+01
7.850000000000000000e+03 2.124973528508892073e+01
7.900000000000000000e+03 2.124254779409480065e+01
7.950000000000000000e+03 2.123530862472660630e+01
8.000000000000000000e+03 2.122842234071421075e+01
8.050000000000000000e+03 2.122230018771028526e+01
8.100000000000000000e+03 2.121738013905854103e+01
8.150000000000000000e+03 2.121410685002547680e+01
8.200000000000000000e+03 2.121292497587757708e+01
8.250000000000000000e+03 2.121427917188134415e+01
8.300000000000000000e+03 2.121826769348901465e+01
8.350000000000000000e+03 2.122360319689588337e+01
8.400000000000000000e+03 2.122865193848297594e+01
8.450000000000000000e+03 2.123178017463134992e+01
8.500000000000000000e+03 2.123135416172203094e+01
8.550000000000000000e+03 2.122633685759892685e+01
8.600000000000000000e+03 2.121807802595728987e+01
8.650000000000000000e+03 2.120852413195524377e+01
8.700000000000000000e+03 2.119962164075089817e+01
8.750000000000000000e+03 2.119331701750237684e+01
8.800000000000000000e+03 2.119103068707327608e+01
8.850000000000000000e+03 2.119207891314909631e+01
8.900000000000000000e+03 2.119525191912082818e+01
8.950000000000000000e+03 2.119933992837946235e+01
9.000000000000000000e+03 2.120313316431597883e+01
9.050000000000000000e+03 2.120563027968668024e+01
9.100000000000000000e+03 2.120666364470908505e+01
9.150000000000000000e+03 2.120627405896601658e+01
9.200000000000000000e+03 2.120450232204032659e+01
9.250000000000000000e+03 2.120138923351482063e+01
9.300000000000000000e+03 2.119705881857507990e+01
9.350000000000000000e+03 2.119196800481755005e+01
9.400000000000000000e+03 2.118665694544143463e+01
9.450000000000000000e+03 2.118166579364593005e+01
9.500000000000000000e+03 2.117753470263021853e+01
9.550000000000000000e+03 2.117463304674227587e+01
9.600000000000000000e+03 2.117264708492513847e+01
9.650000000000000000e+03 2.117109229727063635e+01
9.700000000000000000e+03 2.116948416387058174e+01
9.750000000000000000e+03 2.116733816481680464e+01
9.800000000000000000e+03 2.116430971339512368e+01
9.850000000000000000e+03 2.116061395566737602e+01
9.900000000000000000e+03 2.115660597088939454e+01
9.950000000000000000e+03 2.115264083831701925e+01
1.000000000000000000e+04 2.114907363720609368e+01
1.005000000000000000e+04 2.114617770977023170e+01
1.010000000000000000e+04 2.114389945005417104e+01
1.015000000000000000e+04 2.114210351506043750e+01
1.020000000000000000e+04 2.114065456179154268e+01
1.025000000000000000e+04 2.113941724725001237e+01
1.030000000000000000e+04 2.113831621358977841e+01
1.035000000000000000e+04 2.113751604357041458e+01
1.040000000000000000e+04 2.113724130510292909e+01
1.045000000000000000e+04 2.113771656609829819e+01
1.050000000000000000e+04 2.113916639446752654e+01
1.055000000000000000e+04 2.114171262603590762e+01
1.060000000000000000e+04 2.114506616828593266e+01
1.065000000000000000e+04 2.114883519661440303e+01
1.070000000000000000e+04 2.115262788641810943e+01
1.075000000000000000e+04 2.115605241309384965e+01
1.080000000000000000e+04 2.115871695203842506e+01
1.085000000000000000e+04 2.116022967864862636e+01
1.090000000000000000e+04 2.116019876832124424e+01
1.095000000000000000e+04 2.115823239645308362e+01
