 X-Field	 Y-Field	Sigma	e1	e2	EPS
-0.2500	-0.2500	6.912000	-0.001918	-0.000769	0.002066
-0.2339	-0.2500	6.904000	-0.001448	-0.000084	0.001451
-0.2177	-0.2500	6.902000	-0.001600	0.000234	0.001617
-0.2016	-0.2500	6.904000	-0.002247	0.000294	0.002266
-0.1855	-0.2500	6.911000	-0.003276	0.000188	0.003282
-0.1694	-0.2500	6.920000	-0.004585	-0.000010	0.004585
-0.1532	-0.2500	6.930000	-0.006083	-0.000242	0.006088
-0.1371	-0.2500	6.942000	-0.007681	-0.000463	0.007695
-0.1210	-0.2500	6.954000	-0.009289	-0.000644	0.009311
-0.1048	-0.2500	6.966000	-0.010858	-0.000763	0.010885
-0.0887	-0.2500	6.977000	-0.012315	-0.000811	0.012341
-0.0726	-0.2500	6.986000	-0.013607	-0.000786	0.013630
-0.0565	-0.2500	6.994000	-0.014693	-0.000693	0.014709
-0.0403	-0.2500	7.001000	-0.015536	-0.000540	0.015546
-0.0242	-0.2500	7.005000	-0.016113	-0.000343	0.016116
-0.0081	-0.2500	7.007000	-0.016405	-0.000117	0.016406
0.0081	-0.2500	7.007000	-0.016405	0.000117	0.016406
0.0242	-0.2500	7.005000	-0.016113	0.000343	0.016116
0.0403	-0.2500	7.001000	-0.015536	0.000540	0.015546
0.0565	-0.2500	6.994000	-0.014693	0.000693	0.014709
0.0726	-0.2500	6.986000	-0.013607	0.000786	0.013630
0.0887	-0.2500	6.977000	-0.012315	0.000811	0.012341
0.1048	-0.2500	6.966000	-0.010858	0.000763	0.010885
0.1210	-0.2500	6.954000	-0.009289	0.000644	0.009311
0.1371	-0.2500	6.942000	-0.007681	0.000463	0.007695
0.1532	-0.2500	6.930000	-0.006083	0.000242	0.006088
0.1694	-0.2500	6.920000	-0.004585	0.000010	0.004585
0.1855	-0.2500	6.911000	-0.003276	-0.000188	0.003282
0.2016	-0.2500	6.904000	-0.002247	-0.000294	0.002266
0.2177	-0.2500	6.902000	-0.001600	-0.000234	0.001617
0.2339	-0.2500	6.904000	-0.001448	0.000084	0.001451
0.2500	-0.2500	6.912000	-0.001918	0.000769	0.002066
-0.2500	-0.2339	6.909000	-0.001680	-0.000606	0.001786
-0.2339	-0.2339	6.904000	-0.001502	-0.000047	0.001503
-0.2177	-0.2339	6.904000	-0.001886	0.000179	0.001895
-0.2016	-0.2339	6.908000	-0.002715	0.000177	0.002720
-0.1855	-0.2339	6.916000	-0.003880	0.000032	0.003880
-0.1694	-0.2339	6.926000	-0.005287	-0.000188	0.005290
-0.1532	-0.2339	6.937000	-0.006854	-0.000427	0.006867
-0.1371	-0.2339	6.949000	-0.008483	-0.000646	0.008508
-0.1210	-0.2339	6.961000	-0.010128	-0.000816	0.010161
-0.1048	-0.2339	6.973000	-0.011708	-0.000919	0.011744
-0.0887	-0.2339	6.984000	-0.013166	-0.000947	0.013200
-0.0726	-0.2339	6.994000	-0.014454	-0.000900	0.014482
-0.0565	-0.2339	7.002000	-0.015532	-0.000782	0.015552
-0.0403	-0.2339	7.008000	-0.016368	-0.000605	0.016379
-0.0242	-0.2339	7.012000	-0.016938	-0.000382	0.016943
-0.0081	-0.2339	7.015000	-0.017227	-0.000130	0.017228
0.0081	-0.2339	7.015000	-0.017227	0.000130	0.017228
0.0242	-0.2339	7.012000	-0.016938	0.000382	0.016943
0.0403	-0.2339	7.008000	-0.016368	0.000605	0.016379
0.0565	-0.2339	7.002000	-0.015532	0.000782	0.015552
0.0726	-0.2339	6.994000	-0.014454	0.000900	0.014482
0.0887	-0.2339	6.984000	-0.013166	0.000947	0.013200
0.1048	-0.2339	6.973000	-0.011708	0.000919	0.011744
0.1210	-0.2339	6.961000	-0.010128	0.000816	0.010161
0.1371	-0.2339	6.949000	-0.008483	0.000646	0.008508
0.1532	-0.2339	6.937000	-0.006854	0.000427	0.006867
0.1694	-0.2339	6.926000	-0.005287	0.000188	0.005290
0.1855	-0.2339	6.916000	-0.003880	-0.000032	0.003880
0.2016	-0.2339	6.908000	-0.002715	-0.000177	0.002720
0.2177	-0.2339	6.904000	-0.001886	-0.000179	0.001895
0.2339	-0.2339	6.904000	-0.001502	0.000047	0.001503
0.2500	-0.2339	6.909000	-0.001680	0.000606	0.001786
-0.2500	-0.2177	6.909000	-0.001537	-0.000516	0.001621
-0.2339	-0.2177	6.905000	-0.001584	-0.000055	0.001585
-0.2177	-0.2177	6.907000	-0.002136	0.000103	0.002138
-0.2016	-0.2177	6.912000	-0.003086	0.000056	0.003087
-0.1855	-0.2177	6.920000	-0.004327	-0.000114	0.004329
-0.1694	-0.2177	6.931000	-0.005793	-0.000345	0.005804
-0.1532	-0.2177	6.942000	-0.007386	-0.000585	0.007409
-0.1371	-0.2177	6.955000	-0.009022	-0.000796	0.009057
-0.1210	-0.2177	6.967000	-0.010659	-0.000953	0.010702
-0.1048	-0.2177	6.979000	-0.012222	-0.001041	0.012266
-0.0887	-0.2177	6.989000	-0.013658	-0.001052	0.013699
-0.0726	-0.2177	6.999000	-0.014922	-0.000985	0.014955
-0.0565	-0.2177	7.007000	-0.015978	-0.000849	0.016001
-0.0403	-0.2177	7.013000	-0.016795	-0.000652	0.016808
-0.0242	-0.2177	7.017000	-0.017352	-0.000410	0.017357
-0.0081	-0.2177	7.020000	-0.017634	-0.000140	0.017635
0.0081	-0.2177	7.020000	-0.017634	0.000140	0.017635
0.0242	-0.2177	7.017000	-0.017352	0.000410	0.017357
0.0403	-0.2177	7.013000	-0.016795	0.000652	0.016808
0.0565	-0.2177	7.007000	-0.015978	0.000849	0.016001
0.0726	-0.2177	6.999000	-0.014922	0.000985	0.014955
0.0887	-0.2177	6.989000	-0.013658	0.001052	0.013699
0.1048	-0.2177	6.979000	-0.012222	0.001041	0.012266
0.1210	-0.2177	6.967000	-0.010659	0.000953	0.010702
0.1371	-0.2177	6.955000	-0.009022	0.000796	0.009057
0.1532	-0.2177	6.942000	-0.007386	0.000585	0.007409
0.1694	-0.2177	6.931000	-0.005793	0.000345	0.005804
0.1855	-0.2177	6.920000	-0.004327	0.000114	0.004329
0.2016	-0.2177	6.912000	-0.003086	-0.000056	0.003087
0.2177	-0.2177	6.907000	-0.002136	-0.000103	0.002138
0.2339	-0.2177	6.905000	-0.001584	0.000055	0.001585
0.2500	-0.2177	6.909000	-0.001537	0.000516	0.001621
-0.2500	-0.2016	6.909000	-0.001440	-0.000477	0.001517
-0.2339	-0.2016	6.907000	-0.001647	-0.000090	0.001649
-0.2177	-0.2016	6.910000	-0.002311	0.000019	0.002311
-0.2016	-0.2016	6.916000	-0.003329	-0.000056	0.003329
-0.1855	-0.2016	6.925000	-0.004612	-0.000241	0.004618
-0.1694	-0.2016	6.935000	-0.006089	-0.000474	0.006107
-0.1532	-0.2016	6.947000	-0.007671	-0.000709	0.007704
-0.1371	-0.2016	6.959000	-0.009282	-0.000910	0.009327
-0.1210	-0.2016	6.971000	-0.010885	-0.001054	0.010936
-0.1048	-0.2016	6.983000	-0.012407	-0.001127	0.012458
-0.0887	-0.2016	6.993000	-0.013802	-0.001123	0.013847
-0.0726	-0.2016	7.002000	-0.015026	-0.001043	0.015062
-0.0565	-0.2016	7.010000	-0.016046	-0.000892	0.016071
-0.0403	-0.2016	7.016000	-0.016836	-0.000682	0.016849
-0.0242	-0.2016	7.020000	-0.017373	-0.000428	0.017378
-0.0081	-0.2016	7.022000	-0.017645	-0.000146	0.017645
0.0081	-0.2016	7.022000	-0.017645	0.000146	0.017645
0.0242	-0.2016	7.020000	-0.017373	0.000428	0.017378
0.0403	-0.2016	7.016000	-0.016836	0.000682	0.016849
0.0565	-0.2016	7.010000	-0.016046	0.000892	0.016071
0.0726	-0.2016	7.002000	-0.015026	0.001043	0.015062
0.0887	-0.2016	6.993000	-0.013802	0.001123	0.013847
0.1048	-0.2016	6.983000	-0.012407	0.001127	0.012458
0.1210	-0.2016	6.971000	-0.010885	0.001054	0.010936
0.1371	-0.2016	6.959000	-0.009282	0.000910	0.009327
0.1532	-0.2016	6.947000	-0.007671	0.000709	0.007704
0.1694	-0.2016	6.935000	-0.006089	0.000474	0.006107
0.1855	-0.2016	6.925000	-0.004612	0.000241	0.004618
0.2016	-0.2016	6.916000	-0.003329	0.000056	0.003329
0.2177	-0.2016	6.910000	-0.002311	-0.000019	0.002311
0.2339	-0.2016	6.907000	-0.001647	0.000090	0.001649
0.2500	-0.2016	6.909000	-0.001440	0.000477	0.001517
-0.2500	-0.1855	6.911000	-0.001340	-0.000470	0.001421
-0.2339	-0.1855	6.910000	-0.001662	-0.000138	0.001668
-0.2177	-0.1855	6.913000	-0.002391	-0.000061	0.002392
-0.2016	-0.1855	6.920000	-0.003437	-0.000152	0.003440
-0.1855	-0.1855	6.928000	-0.004719	-0.000342	0.004732
-0.1694	-0.1855	6.939000	-0.006173	-0.000571	0.006199
-0.1532	-0.1855	6.950000	-0.007716	-0.000797	0.007757
-0.1371	-0.1855	6.962000	-0.009275	-0.000986	0.009327
-0.1210	-0.1855	6.974000	-0.010820	-0.001118	0.010877
-0.1048	-0.1855	6.985000	-0.012283	-0.001178	0.012339
-0.0887	-0.1855	6.995000	-0.013619	-0.001162	0.013669
-0.0726	-0.1855	7.004000	-0.014791	-0.001071	0.014830
-0.0565	-0.1855	7.012000	-0.015766	-0.000912	0.015792
-0.0403	-0.1855	7.017000	-0.016519	-0.000695	0.016533
-0.0242	-0.1855	7.021000	-0.017031	-0.000435	0.017037
-0.0081	-0.1855	7.023000	-0.017291	-0.000148	0.017291
0.0081	-0.1855	7.023000	-0.017291	0.000148	0.017291
0.0242	-0.1855	7.021000	-0.017031	0.000435	0.017037
0.0403	-0.1855	7.017000	-0.016519	0.000695	0.016533
0.0565	-0.1855	7.012000	-0.015766	0.000912	0.015792
0.0726	-0.1855	7.004000	-0.014791	0.001071	0.014830
0.0887	-0.1855	6.995000	-0.013619	0.001162	0.013669
0.1048	-0.1855	6.985000	-0.012283	0.001178	0.012339
0.1210	-0.1855	6.974000	-0.010820	0.001118	0.010877
0.1371	-0.1855	6.962000	-0.009275	0.000986	0.009327
0.1532	-0.1855	6.950000	-0.007716	0.000797	0.007757
0.1694	-0.1855	6.939000	-0.006173	0.000571	0.006199
0.1855	-0.1855	6.928000	-0.004719	0.000342	0.004732
0.2016	-0.1855	6.920000	-0.003437	0.000152	0.003440
0.2177	-0.1855	6.913000	-0.002391	0.000061	0.002392
0.2339	-0.1855	6.910000	-0.001662	0.000138	0.001668
0.2500	-0.1855	6.911000	-0.001340	0.000470	0.001421
-0.2500	-0.1694	6.913000	-0.001218	-0.000484	0.001310
-0.2339	-0.1694	6.913000	-0.001614	-0.000189	0.001625
-0.2177	-0.1694	6.916000	-0.002367	-0.000132	0.002371
-0.2016	-0.1694	6.923000	-0.003406	-0.000229	0.003413
-0.1855	-0.1694	6.931000	-0.004655	-0.000415	0.004674
-0.1694	-0.1694	6.942000	-0.006057	-0.000635	0.006091
-0.1532	-0.1694	6.953000	-0.007533	-0.000849	0.007580
-0.1371	-0.1694	6.964000	-0.009022	-0.001025	0.009080
-0.1210	-0.1694	6.975000	-0.010491	-0.001144	0.010553
-0.1048	-0.1694	6.986000	-0.011878	-0.001194	0.011938
-0.0887	-0.1694	6.996000	-0.013144	-0.001170	0.013196
-0.0726	-0.1694	7.004000	-0.014252	-0.001073	0.014292
-0.0565	-0.1694	7.011000	-0.015173	-0.000911	0.015200
-0.0403	-0.1694	7.017000	-0.015884	-0.000693	0.015899
-0.0242	-0.1694	7.021000	-0.016367	-0.000433	0.016373
-0.0081	-0.1694	7.022000	-0.016612	-0.000147	0.016613
0.0081	-0.1694	7.022000	-0.016612	0.000147	0.016613
0.0242	-0.1694	7.021000	-0.016367	0.000433	0.016373
0.0403	-0.1694	7.017000	-0.015884	0.000693	0.015899
0.0565	-0.1694	7.011000	-0.015173	0.000911	0.015200
0.0726	-0.1694	7.004000	-0.014252	0.001073	0.014292
0.0887	-0.1694	6.996000	-0.013144	0.001170	0.013196
0.1048	-0.1694	6.986000	-0.011878	0.001194	0.011938
0.1210	-0.1694	6.975000	-0.010491	0.001144	0.010553
0.1371	-0.1694	6.964000	-0.009022	0.001025	0.009080
0.1532	-0.1694	6.953000	-0.007533	0.000849	0.007580
0.1694	-0.1694	6.942000	-0.006057	0.000635	0.006091
0.1855	-0.1694	6.931000	-0.004655	0.000415	0.004674
0.2016	-0.1694	6.923000	-0.003406	0.000229	0.003413
0.2177	-0.1694	6.916000	-0.002367	0.000132	0.002371
0.2339	-0.1694	6.913000	-0.001614	0.000189	0.001625
0.2500	-0.1694	6.913000	-0.001218	0.000484	0.001310
-0.2500	-0.1532	6.915000	-0.001077	-0.000510	0.001192
-0.2339	-0.1532	6.915000	-0.001487	-0.000237	0.001505
-0.2177	-0.1532	6.919000	-0.002230	-0.000187	0.002238
-0.2016	-0.1532	6.925000	-0.003232	-0.000281	0.003244
-0.1855	-0.1532	6.934000	-0.004423	-0.000458	0.004446
-0.1694	-0.1532	6.944000	-0.005751	-0.000665	0.005789
-0.1532	-0.1532	6.954000	-0.007154	-0.000865	0.007206
-0.1371	-0.1532	6.965000	-0.008553	-0.001028	0.008615
-0.1210	-0.1532	6.976000	-0.009931	-0.001136	0.009996
-0.1048	-0.1532	6.986000	-0.011231	-0.001178	0.011293
-0.0887	-0.1532	6.995000	-0.012415	-0.001149	0.012468
-0.0726	-0.1532	7.003000	-0.013451	-0.001051	0.013492
-0.0565	-0.1532	7.010000	-0.014312	-0.000889	0.014339
-0.0403	-0.1532	7.015000	-0.014976	-0.000675	0.014991
-0.0242	-0.1532	7.018000	-0.015427	-0.000422	0.015433
-0.0081	-0.1532	7.020000	-0.015656	-0.000143	0.015657
0.0081	-0.1532	7.020000	-0.015656	0.000143	0.015657
0.0242	-0.1532	7.018000	-0.015427	0.000422	0.015433
0.0403	-0.1532	7.015000	-0.014976	0.000675	0.014991
0.0565	-0.1532	7.010000	-0.014312	0.000889	0.014339
0.0726	-0.1532	7.003000	-0.013451	0.001051	0.013492
0.0887	-0.1532	6.995000	-0.012415	0.001149	0.012468
0.1048	-0.1532	6.986000	-0.011231	0.001178	0.011293
0.1210	-0.1532	6.976000	-0.009931	0.001136	0.009996
0.1371	-0.1532	6.965000	-0.008553	0.001028	0.008615
0.1532	-0.1532	6.954000	-0.007154	0.000865	0.007206
0.1694	-0.1532	6.944000	-0.005751	0.000665	0.005789
0.1855	-0.1532	6.934000	-0.004423	0.000458	0.004446
0.2016	-0.1532	6.925000	-0.003232	0.000281	0.003244
0.2177	-0.1532	6.919000	-0.002230	0.000187	0.002238
0.2339	-0.1532	6.915000	-0.001487	0.000237	0.001505
0.2500	-0.1532	6.915000	-0.001077	0.000510	0.001192
-0.2500	-0.1371	6.918000	-0.000902	-0.000540	0.001051
-0.2339	-0.1371	6.918000	-0.001306	-0.000278	0.001336
-0.2177	-0.1371	6.921000	-0.002013	-0.000227	0.002026
-0.2016	-0.1371	6.928000	-0.002957	-0.000312	0.002974
-0.1855	-0.1371	6.936000	-0.004069	-0.000474	0.004097
-0.1694	-0.1371	6.945000	-0.005305	-0.000665	0.005346
-0.1532	-0.1371	6.955000	-0.006596	-0.000849	0.006650
-0.1371	-0.1371	6.965000	-0.007893	-0.001000	0.007956
-0.1210	-0.1371	6.975000	-0.009169	-0.001098	0.009234
-0.1048	-0.1371	6.984000	-0.010372	-0.001133	0.010434
-0.0887	-0.1371	6.993000	-0.011467	-0.001102	0.011520
-0.0726	-0.1371	7.000000	-0.012425	-0.001006	0.012466
-0.0565	-0.1371	7.006000	-0.013221	-0.000850	0.013248
-0.0403	-0.1371	7.011000	-0.013835	-0.000645	0.013850
-0.0242	-0.1371	7.015000	-0.014252	-0.000403	0.014258
-0.0081	-0.1371	7.016000	-0.014463	-0.000137	0.014464
0.0081	-0.1371	7.016000	-0.014463	0.000137	0.014464
0.0242	-0.1371	7.015000	-0.014252	0.000403	0.014258
0.0403	-0.1371	7.011000	-0.013835	0.000645	0.013850
0.0565	-0.1371	7.006000	-0.013221	0.000850	0.013248
0.0726	-0.1371	7.000000	-0.012425	0.001006	0.012466
0.0887	-0.1371	6.993000	-0.011467	0.001102	0.011520
0.1048	-0.1371	6.984000	-0.010372	0.001133	0.010434
0.1210	-0.1371	6.975000	-0.009169	0.001098	0.009234
0.1371	-0.1371	6.965000	-0.007893	0.001000	0.007956
0.1532	-0.1371	6.955000	-0.006596	0.000849	0.006650
0.1694	-0.1371	6.945000	-0.005305	0.000665	0.005346
0.1855	-0.1371	6.936000	-0.004069	0.000474	0.004097
0.2016	-0.1371	6.928000	-0.002957	0.000312	0.002974
0.2177	-0.1371	6.921000	-0.002013	0.000227	0.002026
0.2339	-0.1371	6.918000	-0.001306	0.000278	0.001336
0.2500	-0.1371	6.918000	-0.000902	0.000540	0.001051
-0.2500	-0.1210	6.920000	-0.000701	-0.000572	0.000905
-0.2339	-0.1210	6.920000	-0.001077	-0.000312	0.001121
-0.2177	-0.1210	6.924000	-0.001727	-0.000251	0.001745
-0.2016	-0.1210	6.929000	-0.002589	-0.000320	0.002609
-0.1855	-0.1210	6.937000	-0.003606	-0.000465	0.003636
-0.1694	-0.1210	6.945000	-0.004732	-0.000638	0.004775
-0.1532	-0.1210	6.954000	-0.005916	-0.000806	0.005970
-0.1371	-0.1210	6.964000	-0.007100	-0.000943	0.007162
-0.1210	-0.1210	6.973000	-0.008266	-0.001032	0.008330
-0.1048	-0.1210	6.982000	-0.009366	-0.001064	0.009426
-0.0887	-0.1210	6.990000	-0.010367	-0.001033	0.010418
-0.0726	-0.1210	6.997000	-0.011242	-0.000942	0.011282
-0.0565	-0.1210	7.002000	-0.011970	-0.000796	0.011996
-0.0403	-0.1210	7.007000	-0.012531	-0.000604	0.012545
-0.0242	-0.1210	7.010000	-0.012912	-0.000377	0.012918
-0.0081	-0.1210	7.011000	-0.013105	-0.000128	0.013106
0.0081	-0.1210	7.011000	-0.013105	0.000128	0.013106
0.0242	-0.1210	7.010000	-0.012912	0.000377	0.012918
0.0403	-0.1210	7.007000	-0.012531	0.000604	0.012545
0.0565	-0.1210	7.002000	-0.011970	0.000796	0.011996
0.0726	-0.1210	6.997000	-0.011242	0.000942	0.011282
0.0887	-0.1210	6.990000	-0.010367	0.001033	0.010418
0.1048	-0.1210	6.982000	-0.009366	0.001064	0.009426
0.1210	-0.1210	6.973000	-0.008266	0.001032	0.008330
0.1371	-0.1210	6.964000	-0.007100	0.000943	0.007162
0.1532	-0.1210	6.954000	-0.005916	0.000806	0.005970
0.1694	-0.1210	6.945000	-0.004732	0.000638	0.004775
0.1855	-0.1210	6.937000	-0.003606	0.000465	0.003636
0.2016	-0.1210	6.929000	-0.002589	0.000320	0.002609
0.2177	-0.1210	6.924000	-0.001727	0.000251	0.001745
0.2339	-0.1210	6.920000	-0.001077	0.000312	0.001121
0.2500	-0.1210	6.920000	-0.000701	0.000572	0.000905
-0.2500	-0.1048	6.923000	-0.000480	-0.000602	0.000770
-0.2339	-0.1048	6.923000	-0.000807	-0.000336	0.000874
-0.2177	-0.1048	6.926000	-0.001385	-0.000260	0.001409
-0.2016	-0.1048	6.931000	-0.002158	-0.000311	0.002181
-0.1855	-0.1048	6.937000	-0.003066	-0.000434	0.003096
-0.1694	-0.1048	6.945000	-0.004077	-0.000587	0.004119
-0.1532	-0.1048	6.954000	-0.005141	-0.000738	0.005194
-0.1371	-0.1048	6.962000	-0.006207	-0.000863	0.006266
-0.1210	-0.1048	6.971000	-0.007258	-0.000944	0.007319
-0.1048	-0.1048	6.979000	-0.008250	-0.000973	0.008307
-0.0887	-0.1048	6.986000	-0.009153	-0.000946	0.009202
-0.0726	-0.1048	6.992000	-0.009944	-0.000863	0.009981
-0.0565	-0.1048	6.997000	-0.010601	-0.000730	0.010626
-0.0403	-0.1048	7.002000	-0.011107	-0.000554	0.011121
-0.0242	-0.1048	7.004000	-0.011452	-0.000346	0.011457
-0.0081	-0.1048	7.006000	-0.011627	-0.000117	0.011627
0.0081	-0.1048	7.006000	-0.011627	0.000117	0.011627
0.0242	-0.1048	7.004000	-0.011452	0.000346	0.011457
0.0403	-0.1048	7.002000	-0.011107	0.000554	0.011121
0.0565	-0.1048	6.997000	-0.010601	0.000730	0.010626
0.0726	-0.1048	6.992000	-0.009944	0.000863	0.009981
0.0887	-0.1048	6.986000	-0.009153	0.000946	0.009202
0.1048	-0.1048	6.979000	-0.008250	0.000973	0.008307
0.1210	-0.1048	6.971000	-0.007258	0.000944	0.007319
0.1371	-0.1048	6.962000	-0.006207	0.000863	0.006266
0.1532	-0.1048	6.954000	-0.005141	0.000738	0.005194
0.1694	-0.1048	6.945000	-0.004077	0.000587	0.004119
0.1855	-0.1048	6.937000	-0.003066	0.000434	0.003096
0.2016	-0.1048	6.931000	-0.002158	0.000311	0.002181
0.2177	-0.1048	6.926000	-0.001385	0.000260	0.001409
0.2339	-0.1048	6.923000	-0.000807	0.000336	0.000874
0.2500	-0.1048	6.923000	-0.000480	0.000602	0.000770
-0.2500	-0.0887	6.925000	-0.000253	-0.000631	0.000680
-0.2339	-0.0887	6.925000	-0.000520	-0.000353	0.000628
-0.2177	-0.0887	6.927000	-0.001018	-0.000258	0.001050
-0.2016	-0.0887	6.932000	-0.001691	-0.000286	0.001715
-0.1855	-0.0887	6.938000	-0.002485	-0.000386	0.002515
-0.1694	-0.0887	6.945000	-0.003375	-0.000519	0.003415
-0.1532	-0.0887	6.952000	-0.004316	-0.000652	0.004365
-0.1371	-0.0887	6.960000	-0.005259	-0.000764	0.005314
-0.1210	-0.0887	6.968000	-0.006193	-0.000839	0.006250
-0.1048	-0.0887	6.975000	-0.007075	-0.000868	0.007128
-0.0887	-0.0887	6.981000	-0.007880	-0.000845	0.007925
-0.0726	-0.0887	6.987000	-0.008584	-0.000773	0.008619
-0.0565	-0.0887	6.992000	-0.009170	-0.000654	0.009193
-0.0403	-0.0887	6.996000	-0.009622	-0.000497	0.009635
-0.0242	-0.0887	6.998000	-0.009930	-0.000310	0.009935
-0.0081	-0.0887	6.999000	-0.010086	-0.000105	0.010086
0.0081	-0.0887	6.999000	-0.010086	0.000105	0.010086
0.0242	-0.0887	6.998000	-0.009930	0.000310	0.009935
0.0403	-0.0887	6.996000	-0.009622	0.000497	0.009635
0.0565	-0.0887	6.992000	-0.009170	0.000654	0.009193
0.0726	-0.0887	6.987000	-0.008584	0.000773	0.008619
0.0887	-0.0887	6.981000	-0.007880	0.000845	0.007925
0.1048	-0.0887	6.975000	-0.007075	0.000868	0.007128
0.1210	-0.0887	6.968000	-0.006193	0.000839	0.006250
0.1371	-0.0887	6.960000	-0.005259	0.000764	0.005314
0.1532	-0.0887	6.952000	-0.004316	0.000652	0.004365
0.1694	-0.0887	6.945000	-0.003375	0.000519	0.003415
0.1855	-0.0887	6.938000	-0.002485	0.000386	0.002515
0.2016	-0.0887	6.932000	-0.001691	0.000286	0.001715
0.2177	-0.0887	6.927000	-0.001018	0.000258	0.001050
0.2339	-0.0887	6.925000	-0.000520	0.000353	0.000628
0.2500	-0.0887	6.925000	-0.000253	0.000631	0.000680
-0.2500	-0.0726	6.928000	-0.000043	-0.000658	0.000660
-0.2339	-0.0726	6.927000	-0.000240	-0.000363	0.000435
-0.2177	-0.0726	6.929000	-0.000643	-0.000246	0.000688
-0.2016	-0.0726	6.933000	-0.001213	-0.000250	0.001239
-0.1855	-0.0726	6.938000	-0.001891	-0.000326	0.001919
-0.1694	-0.0726	6.944000	-0.002658	-0.000437	0.002694
-0.1532	-0.0726	6.951000	-0.003474	-0.000553	0.003518
-0.1371	-0.0726	6.958000	-0.004294	-0.000654	0.004344
-0.1210	-0.0726	6.964000	-0.005110	-0.000722	0.005161
-0.1048	-0.0726	6.971000	-0.005883	-0.000751	0.005931
-0.0887	-0.0726	6.977000	-0.006589	-0.000734	0.006630
-0.0726	-0.0726	6.982000	-0.007208	-0.000674	0.007239
-0.0565	-0.0726	6.986000	-0.007723	-0.000572	0.007744
-0.0403	-0.0726	6.989000	-0.008121	-0.000435	0.008133
-0.0242	-0.0726	6.992000	-0.008392	-0.000272	0.008397
-0.0081	-0.0726	6.993000	-0.008529	-0.000092	0.008530
0.0081	-0.0726	6.993000	-0.008529	0.000092	0.008530
0.0242	-0.0726	6.992000	-0.008392	0.000272	0.008397
0.0403	-0.0726	6.989000	-0.008121	0.000435	0.008133
0.0565	-0.0726	6.986000	-0.007723	0.000572	0.007744
0.0726	-0.0726	6.982000	-0.007208	0.000674	0.007239
0.0887	-0.0726	6.977000	-0.006589	0.000734	0.006630
0.1048	-0.0726	6.971000	-0.005883	0.000751	0.005931
0.1210	-0.0726	6.964000	-0.005110	0.000722	0.005161
0.1371	-0.0726	6.958000	-0.004294	0.000654	0.004344
0.1532	-0.0726	6.951000	-0.003474	0.000553	0.003518
0.1694	-0.0726	6.944000	-0.002658	0.000437	0.002694
0.1855	-0.0726	6.938000	-0.001891	0.000326	0.001919
0.2016	-0.0726	6.933000	-0.001213	0.000250	0.001239
0.2177	-0.0726	6.929000	-0.000643	0.000246	0.000688
0.2339	-0.0726	6.927000	-0.000240	0.000363	0.000435
0.2500	-0.0726	6.928000	-0.000043	0.000658	0.000660
-0.2500	-0.0565	6.930000	0.000145	-0.000682	0.000697
-0.2339	-0.0565	6.929000	0.000024	-0.000368	0.000369
-0.2177	-0.0565	6.930000	-0.000285	-0.000227	0.000364
-0.2016	-0.0565	6.933000	-0.000743	-0.000205	0.000770
-0.1855	-0.0565	6.938000	-0.001302	-0.000257	0.001327
-0.1694	-0.0565	6.943000	-0.001947	-0.000346	0.001978
-0.1532	-0.0565	6.949000	-0.002644	-0.000446	0.002681
-0.1371	-0.0565	6.955000	-0.003342	-0.000534	0.003385
-0.1210	-0.0565	6.961000	-0.004042	-0.000598	0.004086
-0.1048	-0.0565	6.966000	-0.004708	-0.000627	0.004749
-0.0887	-0.0565	6.972000	-0.005317	-0.000618	0.005353
-0.0726	-0.0565	6.976000	-0.005853	-0.000570	0.005880
-0.0565	-0.0565	6.980000	-0.006299	-0.000486	0.006318
-0.0403	-0.0565	6.983000	-0.006644	-0.000370	0.006654
-0.0242	-0.0565	6.985000	-0.006879	-0.000232	0.006883
-0.0081	-0.0565	6.986000	-0.006998	-0.000079	0.006999
0.0081	-0.0565	6.986000	-0.006998	0.000079	0.006999
0.0242	-0.0565	6.985000	-0.006879	0.000232	0.006883
0.0403	-0.0565	6.983000	-0.006644	0.000370	0.006654
0.0565	-0.0565	6.980000	-0.006299	0.000486	0.006318
0.0726	-0.0565	6.976000	-0.005853	0.000570	0.005880
0.0887	-0.0565	6.972000	-0.005317	0.000618	0.005353
0.1048	-0.0565	6.966000	-0.004708	0.000627	0.004749
0.1210	-0.0565	6.961000	-0.004042	0.000598	0.004086
0.1371	-0.0565	6.955000	-0.003342	0.000534	0.003385
0.1532	-0.0565	6.949000	-0.002644	0.000446	0.002681
0.1694	-0.0565	6.943000	-0.001947	0.000346	0.001978
0.1855	-0.0565	6.938000	-0.001302	0.000257	0.001327
0.2016	-0.0565	6.933000	-0.000743	0.000205	0.000770
0.2177	-0.0565	6.930000	-0.000285	0.000227	0.000364
0.2339	-0.0565	6.929000	0.000024	0.000368	0.000369
0.2500	-0.0565	6.930000	0.000145	0.000682	0.000697
-0.2500	-0.0403	6.932000	0.000284	-0.000705	0.000760
-0.2339	-0.0403	6.931000	0.000239	-0.000371	0.000441
-0.2177	-0.0403	6.931000	0.000025	-0.000206	0.000207
-0.2016	-0.0403	6.934000	-0.000327	-0.000157	0.000362
-0.1855	-0.0403	6.937000	-0.000771	-0.000184	0.000793
-0.1694	-0.0403	6.942000	-0.001297	-0.000252	0.001321
-0.1532	-0.0403	6.947000	-0.001868	-0.000335	0.001898
-0.1371	-0.0403	6.952000	-0.002449	-0.000413	0.002483
-0.1210	-0.0403	6.957000	-0.003037	-0.000471	0.003073
-0.1048	-0.0403	6.962000	-0.003603	-0.000502	0.003637
-0.0887	-0.0403	6.967000	-0.004119	-0.000500	0.004149
-0.0726	-0.0403	6.971000	-0.004573	-0.000465	0.004597
-0.0565	-0.0403	6.974000	-0.004953	-0.000398	0.004969
-0.0403	-0.0403	6.977000	-0.005248	-0.000305	0.005256
-0.0242	-0.0403	6.978000	-0.005448	-0.000192	0.005452
-0.0081	-0.0403	6.979000	-0.005550	-0.000065	0.005550
0.0081	-0.0403	6.979000	-0.005550	0.000065	0.005550
0.0242	-0.0403	6.978000	-0.005448	0.000192	0.005452
0.0403	-0.0403	6.977000	-0.005248	0.000305	0.005256
0.0565	-0.0403	6.974000	-0.004953	0.000398	0.004969
0.0726	-0.0403	6.971000	-0.004573	0.000465	0.004597
0.0887	-0.0403	6.967000	-0.004119	0.000500	0.004149
0.1048	-0.0403	6.962000	-0.003603	0.000502	0.003637
0.1210	-0.0403	6.957000	-0.003037	0.000471	0.003073
0.1371	-0.0403	6.952000	-0.002449	0.000413	0.002483
0.1532	-0.0403	6.947000	-0.001868	0.000335	0.001898
0.1694	-0.0403	6.942000	-0.001297	0.000252	0.001321
0.1855	-0.0403	6.937000	-0.000771	0.000184	0.000793
0.2016	-0.0403	6.934000	-0.000327	0.000157	0.000362
0.2177	-0.0403	6.931000	0.000025	0.000206	0.000207
0.2339	-0.0403	6.931000	0.000239	0.000371	0.000441
0.2500	-0.0403	6.932000	0.000284	0.000705	0.000760
-0.2500	-0.0242	6.935000	0.000363	-0.000727	0.000813
-0.2339	-0.0242	6.932000	0.000394	-0.000373	0.000542
-0.2177	-0.0242	6.932000	0.000271	-0.000183	0.000327
-0.2016	-0.0242	6.934000	0.000023	-0.000109	0.000111
-0.1855	-0.0242	6.937000	-0.000311	-0.000112	0.000330
-0.1694	-0.0242	6.940000	-0.000721	-0.000159	0.000739
-0.1532	-0.0242	6.944000	-0.001178	-0.000225	0.001199
-0.1371	-0.0242	6.949000	-0.001646	-0.000292	0.001672
-0.1210	-0.0242	6.953000	-0.002127	-0.000346	0.002155
-0.1048	-0.0242	6.958000	-0.002590	-0.000378	0.002617
-0.0887	-0.0242	6.962000	-0.003017	-0.000384	0.003041
-0.0726	-0.0242	6.965000	-0.003395	-0.000362	0.003414
-0.0565	-0.0242	6.968000	-0.003711	-0.000313	0.003725
-0.0403	-0.0242	6.970000	-0.003957	-0.000241	0.003965
-0.0242	-0.0242	6.972000	-0.004125	-0.000152	0.004128
-0.0081	-0.0242	6.973000	-0.004210	-0.000052	0.004210
0.0081	-0.0242	6.973000	-0.004210	0.000052	0.004210
0.0242	-0.0242	6.972000	-0.004125	0.000152	0.004128
0.0403	-0.0242	6.970000	-0.003957	0.000241	0.003965
0.0565	-0.0242	6.968000	-0.003711	0.000313	0.003725
0.0726	-0.0242	6.965000	-0.003395	0.000362	0.003414
0.0887	-0.0242	6.962000	-0.003017	0.000384	0.003041
0.1048	-0.0242	6.958000	-0.002590	0.000378	0.002617
0.1210	-0.0242	6.953000	-0.002127	0.000346	0.002155
0.1371	-0.0242	6.949000	-0.001646	0.000292	0.001672
0.1532	-0.0242	6.944000	-0.001178	0.000225	0.001199
0.1694	-0.0242	6.940000	-0.000721	0.000159	0.000739
0.1855	-0.0242	6.937000	-0.000311	0.000112	0.000330
0.2016	-0.0242	6.934000	0.000023	0.000109	0.000111
0.2177	-0.0242	6.932000	0.000271	0.000183	0.000327
0.2339	-0.0242	6.932000	0.000394	0.000373	0.000542
0.2500	-0.0242	6.935000	0.000363	0.000727	0.000813
-0.2500	-0.0081	6.937000	0.000370	-0.000747	0.000834
-0.2339	-0.0081	6.934000	0.000474	-0.000374	0.000603
-0.2177	-0.0081	6.933000	0.000438	-0.000160	0.000466
-0.2016	-0.0081	6.934000	0.000287	-0.000063	0.000294
-0.1855	-0.0081	6.936000	0.000055	-0.000042	0.000069
-0.1694	-0.0081	6.939000	-0.000245	-0.000069	0.000255
-0.1532	-0.0081	6.942000	-0.000593	-0.000120	0.000605
-0.1371	-0.0081	6.946000	-0.000956	-0.000177	0.000972
-0.1210	-0.0081	6.950000	-0.001336	-0.000226	0.001355
-0.1048	-0.0081	6.953000	-0.001706	-0.000260	0.001725
-0.0887	-0.0081	6.957000	-0.002050	-0.000272	0.002068
-0.0726	-0.0081	6.960000	-0.002355	-0.000263	0.002370
-0.0565	-0.0081	6.962000	-0.002613	-0.000231	0.002623
-0.0403	-0.0081	6.964000	-0.002813	-0.000180	0.002819
-0.0242	-0.0081	6.966000	-0.002950	-0.000114	0.002952
-0.0081	-0.0081	6.966000	-0.003019	-0.000039	0.003020
0.0081	-0.0081	6.966000	-0.003019	0.000039	0.003020
0.0242	-0.0081	6.966000	-0.002950	0.000114	0.002952
0.0403	-0.0081	6.964000	-0.002813	0.000180	0.002819
0.0565	-0.0081	6.962000	-0.002613	0.000231	0.002623
0.0726	-0.0081	6.960000	-0.002355	0.000263	0.002370
0.0887	-0.0081	6.957000	-0.002050	0.000272	0.002068
0.1048	-0.0081	6.953000	-0.001706	0.000260	0.001725
0.1210	-0.0081	6.950000	-0.001336	0.000226	0.001355
0.1371	-0.0081	6.946000	-0.000956	0.000177	0.000972
0.1532	-0.0081	6.942000	-0.000593	0.000120	0.000605
0.1694	-0.0081	6.939000	-0.000245	0.000069	0.000255
0.1855	-0.0081	6.936000	0.000055	0.000042	0.000069
0.2016	-0.0081	6.934000	0.000287	0.000063	0.000294
0.2177	-0.0081	6.933000	0.000438	0.000160	0.000466
0.2339	-0.0081	6.934000	0.000474	0.000374	0.000603
0.2500	-0.0081	6.937000	0.000370	0.000747	0.000834
-0.2500	0.0081	6.938000	0.000295	-0.000765	0.000819
-0.2339	0.0081	6.935000	0.000465	-0.000374	0.000597
-0.2177	0.0081	6.934000	0.000510	-0.000140	0.000529
-0.2016	0.0081	6.934000	0.000449	-0.000020	0.000450
-0.1855	0.0081	6.935000	0.000314	0.000022	0.000314
-0.1694	0.0081	6.937000	0.000114	0.000013	0.000115
-0.1532	0.0081	6.940000	-0.000134	-0.000023	0.000136
-0.1371	0.0081	6.943000	-0.000399	-0.000070	0.000405
-0.1210	0.0081	6.946000	-0.000686	-0.000115	0.000696
-0.1048	0.0081	6.949000	-0.000970	-0.000149	0.000981
-0.0887	0.0081	6.952000	-0.001236	-0.000169	0.001248
-0.0726	0.0081	6.955000	-0.001475	-0.000170	0.001485
-0.0565	0.0081	6.957000	-0.001677	-0.000154	0.001684
-0.0403	0.0081	6.958000	-0.001835	-0.000122	0.001839
-0.0242	0.0081	6.959000	-0.001944	-0.000078	0.001945
-0.0081	0.0081	6.960000	-0.001999	-0.000027	0.001999
0.0081	0.0081	6.960000	-0.001999	0.000027	0.001999
0.0242	0.0081	6.959000	-0.001944	0.000078	0.001945
0.0403	0.0081	6.958000	-0.001835	0.000122	0.001839
0.0565	0.0081	6.957000	-0.001677	0.000154	0.001684
0.0726	0.0081	6.955000	-0.001475	0.000170	0.001485
0.0887	0.0081	6.952000	-0.001236	0.000169	0.001248
0.1048	0.0081	6.949000	-0.000970	0.000149	0.000981
0.1210	0.0081	6.946000	-0.000686	0.000115	0.000696
0.1371	0.0081	6.943000	-0.000399	0.000070	0.000405
0.1532	0.0081	6.940000	-0.000134	0.000023	0.000136
0.1694	0.0081	6.937000	0.000114	-0.000013	0.000115
0.1855	0.0081	6.935000	0.000314	-0.000022	0.000314
0.2016	0.0081	6.934000	0.000449	0.000020	0.000450
0.2177	0.0081	6.934000	0.000510	0.000140	0.000529
0.2339	0.0081	6.935000	0.000465	0.000374	0.000597
0.2500	0.0081	6.938000	0.000295	0.000765	0.000819
-0.2500	0.0242	6.940000	0.000142	-0.000779	0.000792
-0.2339	0.0242	6.936000	0.000369	-0.000374	0.000525
-0.2177	0.0242	6.934000	0.000488	-0.000122	0.000503
-0.2016	0.0242	6.934000	0.000511	0.000018	0.000512
-0.1855	0.0242	6.935000	0.000465	0.000080	0.000471
-0.1694	0.0242	6.936000	0.000354	0.000088	0.000365
-0.1532	0.0242	6.938000	0.000201	0.000065	0.000212
-0.1371	0.0242	6.940000	0.000027	0.000027	0.000038
-0.1210	0.0242	6.943000	-0.000175	-0.000013	0.000176
-0.1048	0.0242	6.945000	-0.000380	-0.000049	0.000383
-0.0887	0.0242	6.948000	-0.000576	-0.000074	0.000580
-0.0726	0.0242	6.950000	-0.000753	-0.000085	0.000758
-0.0565	0.0242	6.951000	-0.000905	-0.000084	0.000909
-0.0403	0.0242	6.953000	-0.001024	-0.000070	0.001026
-0.0242	0.0242	6.954000	-0.001106	-0.000046	0.001107
-0.0081	0.0242	6.954000	-0.001157	-0.000016	0.001157
0.0081	0.0242	6.954000	-0.001157	0.000016	0.001157
0.0242	0.0242	6.954000	-0.001106	0.000046	0.001107
0.0403	0.0242	6.953000	-0.001024	0.000070	0.001026
0.0565	0.0242	6.951000	-0.000905	0.000084	0.000909
0.0726	0.0242	6.950000	-0.000753	0.000085	0.000758
0.0887	0.0242	6.948000	-0.000576	0.000074	0.000580
0.1048	0.0242	6.945000	-0.000380	0.000049	0.000383
0.1210	0.0242	6.943000	-0.000175	0.000013	0.000176
0.1371	0.0242	6.940000	0.000027	-0.000027	0.000038
0.1532	0.0242	6.938000	0.000201	-0.000065	0.000212
0.1694	0.0242	6.936000	0.000354	-0.000088	0.000365
0.1855	0.0242	6.935000	0.000465	-0.000080	0.000471
0.2016	0.0242	6.934000	0.000511	-0.000018	0.000512
0.2177	0.0242	6.934000	0.000488	0.000122	0.000503
0.2339	0.0242	6.936000	0.000369	0.000374	0.000525
0.2500	0.0242	6.940000	0.000142	0.000779	0.000792
-0.2500	0.0403	6.941000	-0.000122	-0.000787	0.000797
-0.2339	0.0403	6.937000	0.000166	-0.000373	0.000408
-0.2177	0.0403	6.935000	0.000350	-0.000106	0.000366
-0.2016	0.0403	6.934000	0.000439	0.000051	0.000442
-0.1855	0.0403	6.934000	0.000471	0.000128	0.000488
-0.1694	0.0403	6.935000	0.000442	0.000152	0.000467
-0.1532	0.0403	6.936000	0.000371	0.000141	0.000397
-0.1371	0.0403	6.938000	0.000277	0.000112	0.000299
-0.1210	0.0403	6.939000	0.000151	0.000075	0.000169
-0.1048	0.0403	6.941000	0.000015	0.000040	0.000042
-0.0887	0.0403	6.943000	-0.000117	0.000010	0.000117
-0.0726	0.0403	6.945000	-0.000239	-0.000011	0.000240
-0.0565	0.0403	6.946000	-0.000346	-0.000021	0.000346
-0.0403	0.0403	6.947000	-0.000430	-0.000023	0.000431
-0.0242	0.0403	6.948000	-0.000489	-0.000017	0.000489
-0.0081	0.0403	6.949000	-0.000519	-0.000006	0.000519
0.0081	0.0403	6.949000	-0.000519	0.000006	0.000519
0.0242	0.0403	6.948000	-0.000489	0.000017	0.000489
0.0403	0.0403	6.947000	-0.000430	0.000023	0.000431
0.0565	0.0403	6.946000	-0.000346	0.000021	0.000346
0.0726	0.0403	6.945000	-0.000239	0.000011	0.000240
0.0887	0.0403	6.943000	-0.000117	-0.000010	0.000117
0.1048	0.0403	6.941000	0.000015	-0.000040	0.000042
0.1210	0.0403	6.939000	0.000151	-0.000075	0.000169
0.1371	0.0403	6.938000	0.000277	-0.000112	0.000299
0.1532	0.0403	6.936000	0.000371	-0.000141	0.000397
0.1694	0.0403	6.935000	0.000442	-0.000152	0.000467
0.1855	0.0403	6.934000	0.000471	-0.000128	0.000488
0.2016	0.0403	6.934000	0.000439	-0.000051	0.000442
0.2177	0.0403	6.935000	0.000350	0.000106	0.000366
0.2339	0.0403	6.937000	0.000166	0.000373	0.000408
0.2500	0.0403	6.941000	-0.000122	0.000787	0.000797
-0.2500	0.0565	6.942000	-0.000485	-0.000787	0.000924
-0.2339	0.0565	6.938000	-0.000153	-0.000369	0.000399
-0.2177	0.0565	6.935000	0.000088	-0.000092	0.000128
-0.2016	0.0565	6.933000	0.000248	0.000077	0.000260
-0.1855	0.0565	6.933000	0.000349	0.000169	0.000388
-0.1694	0.0565	6.933000	0.000384	0.000205	0.000435
-0.1532	0.0565	6.934000	0.000382	0.000205	0.000434
-0.1371	0.0565	6.935000	0.000361	0.000183	0.000405
-0.1210	0.0565	6.936000	0.000303	0.000151	0.000339
-0.1048	0.0565	6.938000	0.000232	0.000115	0.000259
-0.0887	0.0565	6.939000	0.000156	0.000082	0.000177
-0.0726	0.0565	6.940000	0.000083	0.000054	0.000099
-0.0565	0.0565	6.941000	0.000017	0.000032	0.000036
-0.0403	0.0565	6.942000	-0.000037	0.000017	0.000041
-0.0242	0.0565	6.943000	-0.000074	0.000008	0.000075
-0.0081	0.0565	6.943000	-0.000094	0.000002	0.000094
0.0081	0.0565	6.943000	-0.000094	-0.000002	0.000094
0.0242	0.0565	6.943000	-0.000074	-0.000008	0.000075
0.0403	0.0565	6.942000	-0.000037	-0.000017	0.000041
0.0565	0.0565	6.941000	0.000017	-0.000032	0.000036
0.0726	0.0565	6.940000	0.000083	-0.000054	0.000099
0.0887	0.0565	6.939000	0.000156	-0.000082	0.000177
0.1048	0.0565	6.938000	0.000232	-0.000115	0.000259
0.1210	0.0565	6.936000	0.000303	-0.000151	0.000339
0.1371	0.0565	6.935000	0.000361	-0.000183	0.000405
0.1532	0.0565	6.934000	0.000382	-0.000205	0.000434
0.1694	0.0565	6.933000	0.000384	-0.000205	0.000435
0.1855	0.0565	6.933000	0.000349	-0.000169	0.000388
0.2016	0.0565	6.933000	0.000248	-0.000077	0.000260
0.2177	0.0565	6.935000	0.000088	0.000092	0.000128
0.2339	0.0565	6.938000	-0.000153	0.000369	0.000399
0.2500	0.0565	6.942000	-0.000485	0.000787	0.000924
-0.2500	0.0726	6.943000	-0.000939	-0.000775	0.001217
-0.2339	0.0726	6.938000	-0.000567	-0.000358	0.000670
-0.2177	0.0726	6.935000	-0.000279	-0.000077	0.000289
-0.2016	0.0726	6.933000	-0.000063	0.000101	0.000119
-0.1855	0.0726	6.932000	0.000097	0.000202	0.000224
-0.1694	0.0726	6.931000	0.000198	0.000248	0.000318
-0.1532	0.0726	6.932000	0.000260	0.000257	0.000366
-0.1371	0.0726	6.932000	0.000296	0.000242	0.000382
-0.1210	0.0726	6.933000	0.000284	0.000212	0.000354
-0.1048	0.0726	6.934000	0.000267	0.000177	0.000321
-0.0887	0.0726	6.935000	0.000240	0.000141	0.000279
-0.0726	0.0726	6.936000	0.000209	0.000107	0.000235
-0.0565	0.0726	6.937000	0.000178	0.000077	0.000194
-0.0403	0.0726	6.938000	0.000152	0.000051	0.000160
-0.0242	0.0726	6.938000	0.000133	0.000029	0.000136
-0.0081	0.0726	6.938000	0.000122	0.000009	0.000123
0.0081	0.0726	6.938000	0.000122	-0.000009	0.000123
0.0242	0.0726	6.938000	0.000133	-0.000029	0.000136
0.0403	0.0726	6.938000	0.000152	-0.000051	0.000160
0.0565	0.0726	6.937000	0.000178	-0.000077	0.000194
0.0726	0.0726	6.936000	0.000209	-0.000107	0.000235
0.0887	0.0726	6.935000	0.000240	-0.000141	0.000279
0.1048	0.0726	6.934000	0.000267	-0.000177	0.000321
0.1210	0.0726	6.933000	0.000284	-0.000212	0.000354
0.1371	0.0726	6.932000	0.000296	-0.000242	0.000382
0.1532	0.0726	6.932000	0.000260	-0.000257	0.000366
0.1694	0.0726	6.931000	0.000198	-0.000248	0.000318
0.1855	0.0726	6.932000	0.000097	-0.000202	0.000224
0.2016	0.0726	6.933000	-0.000063	-0.000101	0.000119
0.2177	0.0726	6.935000	-0.000279	0.000077	0.000289
0.2339	0.0726	6.938000	-0.000567	0.000358	0.000670
0.2500	0.0726	6.943000	-0.000939	0.000775	0.001217
-0.2500	0.0887	6.943000	-0.001495	-0.000747	0.001671
-0.2339	0.0887	6.938000	-0.001084	-0.000339	0.001136
-0.2177	0.0887	6.934000	-0.000757	-0.000059	0.000759
-0.2016	0.0887	6.932000	-0.000497	0.000122	0.000512
-0.1855	0.0887	6.930000	-0.000286	0.000229	0.000366
-0.1694	0.0887	6.930000	-0.000133	0.000283	0.000312
-0.1532	0.0887	6.929000	-0.000018	0.000298	0.000298
-0.1371	0.0887	6.930000	0.000063	0.000287	0.000294
-0.1210	0.0887	6.930000	0.000130	0.000261	0.000292
-0.1048	0.0887	6.931000	0.000160	0.000227	0.000277
-0.0887	0.0887	6.931000	0.000176	0.000188	0.000257
-0.0726	0.0887	6.932000	0.000173	0.000150	0.000229
-0.0565	0.0887	6.933000	0.000173	0.000113	0.000207
-0.0403	0.0887	6.933000	0.000170	0.000078	0.000187
-0.0242	0.0887	6.933000	0.000166	0.000046	0.000173
-0.0081	0.0887	6.934000	0.000164	0.000015	0.000165
0.0081	0.0887	6.934000	0.000164	-0.000015	0.000165
0.0242	0.0887	6.933000	0.000166	-0.000046	0.000173
0.0403	0.0887	6.933000	0.000170	-0.000078	0.000187
0.0565	0.0887	6.933000	0.000173	-0.000113	0.000207
0.0726	0.0887	6.932000	0.000173	-0.000150	0.000229
0.0887	0.0887	6.931000	0.000176	-0.000188	0.000257
0.1048	0.0887	6.931000	0.000160	-0.000227	0.000277
0.1210	0.0887	6.930000	0.000130	-0.000261	0.000292
0.1371	0.0887	6.930000	0.000063	-0.000287	0.000294
0.1532	0.0887	6.929000	-0.000018	-0.000298	0.000298
0.1694	0.0887	6.930000	-0.000133	-0.000283	0.000312
0.1855	0.0887	6.930000	-0.000286	-0.000229	0.000366
0.2016	0.0887	6.932000	-0.000497	-0.000122	0.000512
0.2177	0.0887	6.934000	-0.000757	0.000059	0.000759
0.2339	0.0887	6.938000	-0.001084	0.000339	0.001136
0.2500	0.0887	6.943000	-0.001495	0.000747	0.001671
-0.2500	0.1048	6.944000	-0.002143	-0.000700	0.002254
-0.2339	0.1048	6.938000	-0.001700	-0.000308	0.001728
-0.2177	0.1048	6.934000	-0.001342	-0.000036	0.001342
-0.2016	0.1048	6.931000	-0.001044	0.000144	0.001054
-0.1855	0.1048	6.929000	-0.000793	0.000253	0.000833
-0.1694	0.1048	6.928000	-0.000596	0.000309	0.000671
-0.1532	0.1048	6.927000	-0.000436	0.000328	0.000546
-0.1371	0.1048	6.927000	-0.000312	0.000321	0.000448
-0.1210	0.1048	6.927000	-0.000206	0.000297	0.000362
-0.1048	0.1048	6.927000	-0.000133	0.000263	0.000295
-0.0887	0.1048	6.928000	-0.000082	0.000224	0.000238
-0.0726	0.1048	6.928000	-0.000046	0.000182	0.000188
-0.0565	0.1048	6.928000	-0.000021	0.000140	0.000142
-0.0403	0.1048	6.929000	-0.000005	0.000099	0.000099
-0.0242	0.1048	6.929000	0.000005	0.000059	0.000059
-0.0081	0.1048	6.929000	0.000010	0.000019	0.000022
0.0081	0.1048	6.929000	0.000010	-0.000019	0.000022
0.0242	0.1048	6.929000	0.000005	-0.000059	0.000059
0.0403	0.1048	6.929000	-0.000005	-0.000099	0.000099
0.0565	0.1048	6.928000	-0.000021	-0.000140	0.000142
0.0726	0.1048	6.928000	-0.000046	-0.000182	0.000188
0.0887	0.1048	6.928000	-0.000082	-0.000224	0.000238
0.1048	0.1048	6.927000	-0.000133	-0.000263	0.000295
0.1210	0.1048	6.927000	-0.000206	-0.000297	0.000362
0.1371	0.1048	6.927000	-0.000312	-0.000321	0.000448
0.1532	0.1048	6.927000	-0.000436	-0.000328	0.000546
0.1694	0.1048	6.928000	-0.000596	-0.000309	0.000671
0.1855	0.1048	6.929000	-0.000793	-0.000253	0.000833
0.2016	0.1048	6.931000	-0.001044	-0.000144	0.001054
0.2177	0.1048	6.934000	-0.001342	0.000036	0.001342
0.2339	0.1048	6.938000	-0.001700	0.000308	0.001728
0.2500	0.1048	6.944000	-0.002143	0.000700	0.002254
-0.2500	0.1210	6.944000	-0.002868	-0.000629	0.002936
-0.2339	0.1210	6.938000	-0.002402	-0.000262	0.002416
-0.2177	0.1210	6.933000	-0.002019	-0.000003	0.002019
-0.2016	0.1210	6.930000	-0.001692	0.000168	0.001701
-0.1855	0.1210	6.928000	-0.001409	0.000274	0.001436
-0.1694	0.1210	6.926000	-0.001178	0.000330	0.001223
-0.1532	0.1210	6.925000	-0.000981	0.000350	0.001042
-0.1371	0.1210	6.925000	-0.000821	0.000345	0.000890
-0.1210	0.1210	6.924000	-0.000681	0.000322	0.000753
-0.1048	0.1210	6.924000	-0.000579	0.000288	0.000647
-0.0887	0.1210	6.924000	-0.000496	0.000248	0.000554
-0.0726	0.1210	6.924000	-0.000434	0.000204	0.000480
-0.0565	0.1210	6.925000	-0.000388	0.000159	0.000420
-0.0403	0.1210	6.925000	-0.000356	0.000113	0.000373
-0.0242	0.1210	6.925000	-0.000335	0.000068	0.000342
-0.0081	0.1210	6.925000	-0.000325	0.000022	0.000326
0.0081	0.1210	6.925000	-0.000325	-0.000022	0.000326
0.0242	0.1210	6.925000	-0.000335	-0.000068	0.000342
0.0403	0.1210	6.925000	-0.000356	-0.000113	0.000373
0.0565	0.1210	6.925000	-0.000388	-0.000159	0.000420
0.0726	0.1210	6.924000	-0.000434	-0.000204	0.000480
0.0887	0.1210	6.924000	-0.000496	-0.000248	0.000554
0.1048	0.1210	6.924000	-0.000579	-0.000288	0.000647
0.1210	0.1210	6.924000	-0.000681	-0.000322	0.000753
0.1371	0.1210	6.925000	-0.000821	-0.000345	0.000890
0.1532	0.1210	6.925000	-0.000981	-0.000350	0.001042
0.1694	0.1210	6.926000	-0.001178	-0.000330	0.001223
0.1855	0.1210	6.928000	-0.001409	-0.000274	0.001436
0.2016	0.1210	6.930000	-0.001692	-0.000168	0.001701
0.2177	0.1210	6.933000	-0.002019	0.000003	0.002019
0.2339	0.1210	6.938000	-0.002402	0.000262	0.002416
0.2500	0.1210	6.944000	-0.002868	0.000629	0.002936
-0.2500	0.1371	6.943000	-0.003616	-0.000536	0.003656
-0.2339	0.1371	6.937000	-0.003133	-0.000199	0.003139
-0.2177	0.1371	6.933000	-0.002730	0.000039	0.002730
-0.2016	0.1371	6.929000	-0.002377	0.000197	0.002385
-0.1855	0.1371	6.926000	-0.002064	0.000295	0.002085
-0.1694	0.1371	6.925000	-0.001832	0.000347	0.001864
-0.1532	0.1371	6.923000	-0.001607	0.000365	0.001648
-0.1371	0.1371	6.922000	-0.001417	0.000359	0.001462
-0.1210	0.1371	6.922000	-0.001247	0.000337	0.001292
-0.1048	0.1371	6.921000	-0.001120	0.000303	0.001161
-0.0887	0.1371	6.921000	-0.001017	0.000262	0.001050
-0.0726	0.1371	6.921000	-0.000931	0.000217	0.000956
-0.0565	0.1371	6.921000	-0.000870	0.000170	0.000886
-0.0403	0.1371	6.921000	-0.000824	0.000121	0.000833
-0.0242	0.1371	6.921000	-0.000794	0.000073	0.000797
-0.0081	0.1371	6.921000	-0.000780	0.000024	0.000780
0.0081	0.1371	6.921000	-0.000780	-0.000024	0.000780
0.0242	0.1371	6.921000	-0.000794	-0.000073	0.000797
0.0403	0.1371	6.921000	-0.000824	-0.000121	0.000833
0.0565	0.1371	6.921000	-0.000870	-0.000170	0.000886
0.0726	0.1371	6.921000	-0.000931	-0.000217	0.000956
0.0887	0.1371	6.921000	-0.001017	-0.000262	0.001050
0.1048	0.1371	6.921000	-0.001120	-0.000303	0.001161
0.1210	0.1371	6.922000	-0.001247	-0.000337	0.001292
0.1371	0.1371	6.922000	-0.001417	-0.000359	0.001462
0.1532	0.1371	6.923000	-0.001607	-0.000365	0.001648
0.1694	0.1371	6.925000	-0.001832	-0.000347	0.001864
0.1855	0.1371	6.926000	-0.002064	-0.000295	0.002085
0.2016	0.1371	6.929000	-0.002377	-0.000197	0.002385
0.2177	0.1371	6.933000	-0.002730	-0.000039	0.002730
0.2339	0.1371	6.937000	-0.003133	0.000199	0.003139
0.2500	0.1371	6.943000	-0.003616	0.000536	0.003656
-0.2500	0.1532	6.943000	-0.004445	-0.000411	0.004464
-0.2339	0.1532	6.937000	-0.003950	-0.000113	0.003951
-0.2177	0.1532	6.932000	-0.003539	0.000097	0.003540
-0.2016	0.1532	6.928000	-0.003167	0.000235	0.003176
-0.1855	0.1532	6.925000	-0.002840	0.000319	0.002858
-0.1694	0.1532	6.923000	-0.002551	0.000362	0.002577
-0.1532	0.1532	6.921000	-0.002302	0.000375	0.002332
-0.1371	0.1532	6.920000	-0.002092	0.000367	0.002124
-0.1210	0.1532	6.919000	-0.001910	0.000343	0.001941
-0.1048	0.1532	6.919000	-0.001746	0.000308	0.001773
-0.0887	0.1532	6.918000	-0.001623	0.000267	0.001645
-0.0726	0.1532	6.918000	-0.001524	0.000221	0.001540
-0.0565	0.1532	6.918000	-0.001447	0.000174	0.001457
-0.0403	0.1532	6.917000	-0.001387	0.000124	0.001393
-0.0242	0.1532	6.917000	-0.001350	0.000075	0.001352
-0.0081	0.1532	6.917000	-0.001332	0.000025	0.001332
0.0081	0.1532	6.917000	-0.001332	-0.000025	0.001332
0.0242	0.1532	6.917000	-0.001350	-0.000075	0.001352
0.0403	0.1532	6.917000	-0.001387	-0.000124	0.001393
0.0565	0.1532	6.918000	-0.001447	-0.000174	0.001457
0.0726	0.1532	6.918000	-0.001524	-0.000221	0.001540
0.0887	0.1532	6.918000	-0.001623	-0.000267	0.001645
0.1048	0.1532	6.919000	-0.001746	-0.000308	0.001773
0.1210	0.1532	6.919000	-0.001910	-0.000343	0.001941
0.1371	0.1532	6.920000	-0.002092	-0.000367	0.002124
0.1532	0.1532	6.921000	-0.002302	-0.000375	0.002332
0.1694	0.1532	6.923000	-0.002551	-0.000362	0.002577
0.1855	0.1532	6.925000	-0.002840	-0.000319	0.002858
0.2016	0.1532	6.928000	-0.003167	-0.000235	0.003176
0.2177	0.1532	6.932000	-0.003539	-0.000097	0.003540
0.2339	0.1532	6.937000	-0.003950	0.000113	0.003951
0.2500	0.1532	6.943000	-0.004445	0.000411	0.004464
-0.2500	0.1694	6.944000	-0.005322	-0.000251	0.005328
-0.2339	0.1694	6.937000	-0.004823	-0.000002	0.004823
-0.2177	0.1694	6.932000	-0.004377	0.000170	0.004381
-0.2016	0.1694	6.928000	-0.003988	0.000282	0.003998
-0.1855	0.1694	6.925000	-0.003643	0.000347	0.003659
-0.1694	0.1694	6.922000	-0.003344	0.000378	0.003365
-0.1532	0.1694	6.920000	-0.003076	0.000382	0.003099
-0.1371	0.1694	6.919000	-0.002846	0.000368	0.002870
-0.1210	0.1694	6.917000	-0.002647	0.000341	0.002669
-0.1048	0.1694	6.916000	-0.002468	0.000305	0.002487
-0.0887	0.1694	6.916000	-0.002330	0.000263	0.002345
-0.0726	0.1694	6.915000	-0.002221	0.000218	0.002232
-0.0565	0.1694	6.915000	-0.002131	0.000171	0.002138
-0.0403	0.1694	6.915000	-0.002066	0.000122	0.002070
-0.0242	0.1694	6.915000	-0.002024	0.000074	0.002025
-0.0081	0.1694	6.914000	-0.002003	0.000025	0.002003
0.0081	0.1694	6.914000	-0.002003	-0.000025	0.002003
0.0242	0.1694	6.915000	-0.002024	-0.000074	0.002025
0.0403	0.1694	6.915000	-0.002066	-0.000122	0.002070
0.0565	0.1694	6.915000	-0.002131	-0.000171	0.002138
0.0726	0.1694	6.915000	-0.002221	-0.000218	0.002232
0.0887	0.1694	6.916000	-0.002330	-0.000263	0.002345
0.1048	0.1694	6.916000	-0.002468	-0.000305	0.002487
0.1210	0.1694	6.917000	-0.002647	-0.000341	0.002669
0.1371	0.1694	6.919000	-0.002846	-0.000368	0.002870
0.1532	0.1694	6.920000	-0.003076	-0.000382	0.003099
0.1694	0.1694	6.922000	-0.003344	-0.000378	0.003365
0.1855	0.1694	6.925000	-0.003643	-0.000347	0.003659
0.2016	0.1694	6.928000	-0.003988	-0.000282	0.003998
0.2177	0.1694	6.932000	-0.004377	-0.000170	0.004381
0.2339	0.1694	6.937000	-0.004823	0.000002	0.004823
0.2500	0.1694	6.944000	-0.005322	0.000251	0.005328
-0.2500	0.1855	6.945000	-0.006214	-0.000057	0.006214
-0.2339	0.1855	6.938000	-0.005703	0.000136	0.005705
-0.2177	0.1855	6.932000	-0.005240	0.000263	0.005246
-0.2016	0.1855	6.928000	-0.004834	0.000341	0.004846
-0.1855	0.1855	6.924000	-0.004473	0.000382	0.004489
-0.1694	0.1855	6.922000	-0.004146	0.000394	0.004165
-0.1532	0.1855	6.919000	-0.003865	0.000386	0.003884
-0.1371	0.1855	6.918000	-0.003616	0.000364	0.003634
-0.1210	0.1855	6.916000	-0.003403	0.000332	0.003419
-0.1048	0.1855	6.915000	-0.003223	0.000294	0.003237
-0.0887	0.1855	6.914000	-0.003060	0.000252	0.003071
-0.0726	0.1855	6.913000	-0.002938	0.000208	0.002945
-0.0565	0.1855	6.913000	-0.002853	0.000162	0.002858
-0.0403	0.1855	6.913000	-0.002782	0.000116	0.002785
-0.0242	0.1855	6.912000	-0.002735	0.000069	0.002736
-0.0081	0.1855	6.912000	-0.002712	0.000023	0.002712
0.0081	0.1855	6.912000	-0.002712	-0.000023	0.002712
0.0242	0.1855	6.912000	-0.002735	-0.000069	0.002736
0.0403	0.1855	6.913000	-0.002782	-0.000116	0.002785
0.0565	0.1855	6.913000	-0.002853	-0.000162	0.002858
0.0726	0.1855	6.913000	-0.002938	-0.000208	0.002945
0.0887	0.1855	6.914000	-0.003060	-0.000252	0.003071
0.1048	0.1855	6.915000	-0.003223	-0.000294	0.003237
0.1210	0.1855	6.916000	-0.003403	-0.000332	0.003419
0.1371	0.1855	6.918000	-0.003616	-0.000364	0.003634
0.1532	0.1855	6.919000	-0.003865	-0.000386	0.003884
0.1694	0.1855	6.922000	-0.004146	-0.000394	0.004165
0.1855	0.1855	6.924000	-0.004473	-0.000382	0.004489
0.2016	0.1855	6.928000	-0.004834	-0.000341	0.004846
0.2177	0.1855	6.932000	-0.005240	-0.000263	0.005246
0.2339	0.1855	6.938000	-0.005703	-0.000136	0.005705
0.2500	0.1855	6.945000	-0.006214	0.000057	0.006214
-0.2500	0.2016	6.947000	-0.007102	0.000170	0.007104
-0.2339	0.2016	6.940000	-0.006572	0.000297	0.006579
-0.2177	0.2016	6.934000	-0.006090	0.000373	0.006101
-0.2016	0.2016	6.929000	-0.005666	0.000412	0.005680
-0.1855	0.2016	6.925000	-0.005287	0.000422	0.005304
-0.1694	0.2016	6.922000	-0.004943	0.000412	0.004960
-0.1532	0.2016	6.920000	-0.004646	0.000389	0.004662
-0.1371	0.2016	6.918000	-0.004382	0.000356	0.004397
-0.1210	0.2016	6.916000	-0.004158	0.000318	0.004170
-0.1048	0.2016	6.914000	-0.003963	0.000276	0.003973
-0.0887	0.2016	6.913000	-0.003791	0.000233	0.003798
-0.0726	0.2016	6.912000	-0.003659	0.000190	0.003664
-0.0565	0.2016	6.912000	-0.003556	0.000147	0.003559
-0.0403	0.2016	6.911000	-0.003479	0.000105	0.003481
-0.0242	0.2016	6.911000	-0.003429	0.000063	0.003429
-0.0081	0.2016	6.911000	-0.003404	0.000021	0.003404
0.0081	0.2016	6.911000	-0.003404	-0.000021	0.003404
0.0242	0.2016	6.911000	-0.003429	-0.000063	0.003429
0.0403	0.2016	6.911000	-0.003479	-0.000105	0.003481
0.0565	0.2016	6.912000	-0.003556	-0.000147	0.003559
0.0726	0.2016	6.912000	-0.003659	-0.000190	0.003664
0.0887	0.2016	6.913000	-0.003791	-0.000233	0.003798
0.1048	0.2016	6.914000	-0.003963	-0.000276	0.003973
0.1210	0.2016	6.916000	-0.004158	-0.000318	0.004170
0.1371	0.2016	6.918000	-0.004382	-0.000356	0.004397
0.1532	0.2016	6.920000	-0.004646	-0.000389	0.004662
0.1694	0.2016	6.922000	-0.004943	-0.000412	0.004960
0.1855	0.2016	6.925000	-0.005287	-0.000422	0.005304
0.2016	0.2016	6.929000	-0.005666	-0.000412	0.005680
0.2177	0.2016	6.934000	-0.006090	-0.000373	0.006101
0.2339	0.2016	6.940000	-0.006572	-0.000297	0.006579
0.2500	0.2016	6.947000	-0.007102	-0.000170	0.007104
-0.2500	0.2177	6.950000	-0.007954	0.000427	0.007966
-0.2339	0.2177	6.943000	-0.007396	0.000481	0.007411
-0.2177	0.2177	6.937000	-0.006888	0.000499	0.006906
-0.2016	0.2177	6.932000	-0.006440	0.000492	0.006459
-0.1855	0.2177	6.928000	-0.006039	0.000467	0.006057
-0.1694	0.2177	6.924000	-0.005675	0.000430	0.005692
-0.1532	0.2177	6.921000	-0.005361	0.000388	0.005375
-0.1371	0.2177	6.919000	-0.005081	0.000343	0.005093
-0.1210	0.2177	6.917000	-0.004844	0.000297	0.004853
-0.1048	0.2177	6.915000	-0.004637	0.000251	0.004644
-0.0887	0.2177	6.914000	-0.004466	0.000208	0.004471
-0.0726	0.2177	6.913000	-0.004313	0.000166	0.004316
-0.0565	0.2177	6.912000	-0.004204	0.000127	0.004206
-0.0403	0.2177	6.912000	-0.004122	0.000089	0.004123
-0.0242	0.2177	6.911000	-0.004069	0.000053	0.004069
-0.0081	0.2177	6.911000	-0.004042	0.000018	0.004042
0.0081	0.2177	6.911000	-0.004042	-0.000018	0.004042
0.0242	0.2177	6.911000	-0.004069	-0.000053	0.004069
0.0403	0.2177	6.912000	-0.004122	-0.000089	0.004123
0.0565	0.2177	6.912000	-0.004204	-0.000127	0.004206
0.0726	0.2177	6.913000	-0.004313	-0.000166	0.004316
0.0887	0.2177	6.914000	-0.004466	-0.000208	0.004471
0.1048	0.2177	6.915000	-0.004637	-0.000251	0.004644
0.1210	0.2177	6.917000	-0.004844	-0.000297	0.004853
0.1371	0.2177	6.919000	-0.005081	-0.000343	0.005093
0.1532	0.2177	6.921000	-0.005361	-0.000388	0.005375
0.1694	0.2177	6.924000	-0.005675	-0.000430	0.005692
0.1855	0.2177	6.928000	-0.006039	-0.000467	0.006057
0.2016	0.2177	6.932000	-0.006440	-0.000492	0.006459
0.2177	0.2177	6.937000	-0.006888	-0.000499	0.006906
0.2339	0.2177	6.943000	-0.007396	-0.000481	0.007411
0.2500	0.2177	6.950000	-0.007954	-0.000427	0.007966
-0.2500	0.2339	6.955000	-0.008771	0.000714	0.008800
-0.2339	0.2339	6.948000	-0.008187	0.000689	0.008216
-0.2177	0.2339	6.941000	-0.007647	0.000641	0.007674
-0.2016	0.2339	6.936000	-0.007160	0.000580	0.007184
-0.1855	0.2339	6.932000	-0.006733	0.000516	0.006753
-0.1694	0.2339	6.928000	-0.006354	0.000449	0.006370
-0.1532	0.2339	6.925000	-0.006012	0.000384	0.006025
-0.1371	0.2339	6.922000	-0.005716	0.000324	0.005725
-0.1210	0.2339	6.920000	-0.005463	0.000268	0.005469
-0.1048	0.2339	6.918000	-0.005246	0.000219	0.005251
-0.0887	0.2339	6.916000	-0.005062	0.000174	0.005065
-0.0726	0.2339	6.915000	-0.004901	0.000135	0.004902
-0.0565	0.2339	6.914000	-0.004784	0.000100	0.004785
-0.0403	0.2339	6.914000	-0.004697	0.000069	0.004697
-0.0242	0.2339	6.913000	-0.004640	0.000040	0.004640
-0.0081	0.2339	6.913000	-0.004611	0.000013	0.004611
0.0081	0.2339	6.913000	-0.004611	-0.000013	0.004611
0.0242	0.2339	6.913000	-0.004640	-0.000040	0.004640
0.0403	0.2339	6.914000	-0.004697	-0.000069	0.004697
0.0565	0.2339	6.914000	-0.004784	-0.000100	0.004785
0.0726	0.2339	6.915000	-0.004901	-0.000135	0.004902
0.0887	0.2339	6.916000	-0.005062	-0.000174	0.005065
0.1048	0.2339	6.918000	-0.005246	-0.000219	0.005251
0.1210	0.2339	6.920000	-0.005463	-0.000268	0.005469
0.1371	0.2339	6.922000	-0.005716	-0.000324	0.005725
0.1532	0.2339	6.925000	-0.006012	-0.000384	0.006025
0.1694	0.2339	6.928000	-0.006354	-0.000449	0.006370
0.1855	0.2339	6.932000	-0.006733	-0.000516	0.006753
0.2016	0.2339	6.936000	-0.007160	-0.000580	0.007184
0.2177	0.2339	6.941000	-0.007647	-0.000641	0.007674
0.2339	0.2339	6.948000	-0.008187	-0.000689	0.008216
0.2500	0.2339	6.955000	-0.008771	-0.000714	0.008800
-0.2500	0.2500	6.963000	-0.009517	0.001021	0.009572
-0.2339	0.2500	6.955000	-0.008883	0.000908	0.008929
-0.2177	0.2500	6.949000	-0.008302	0.000789	0.008339
-0.2016	0.2500	6.943000	-0.007774	0.000671	0.007803
-0.1855	0.2500	6.938000	-0.007314	0.000562	0.007336
-0.1694	0.2500	6.934000	-0.006905	0.000463	0.006921
-0.1532	0.2500	6.931000	-0.006538	0.000373	0.006549
-0.1371	0.2500	6.928000	-0.006224	0.000296	0.006231
-0.1210	0.2500	6.925000	-0.005948	0.000230	0.005953
-0.1048	0.2500	6.923000	-0.005716	0.000176	0.005719
-0.0887	0.2500	6.921000	-0.005519	0.000131	0.005521
-0.0726	0.2500	6.920000	-0.005361	0.000095	0.005362
-0.0565	0.2500	6.919000	-0.005223	0.000066	0.005224
-0.0403	0.2500	6.918000	-0.005131	0.000043	0.005131
-0.0242	0.2500	6.917000	-0.005069	0.000024	0.005069
-0.0081	0.2500	6.917000	-0.005039	0.000008	0.005039
0.0081	0.2500	6.917000	-0.005039	-0.000008	0.005039
0.0242	0.2500	6.917000	-0.005069	-0.000024	0.005069
0.0403	0.2500	6.918000	-0.005131	-0.000043	0.005131
0.0565	0.2500	6.919000	-0.005223	-0.000066	0.005224
0.0726	0.2500	6.920000	-0.005361	-0.000095	0.005362
0.0887	0.2500	6.921000	-0.005519	-0.000131	0.005521
0.1048	0.2500	6.923000	-0.005716	-0.000176	0.005719
0.1210	0.2500	6.925000	-0.005948	-0.000230	0.005953
0.1371	0.2500	6.928000	-0.006224	-0.000296	0.006231
0.1532	0.2500	6.931000	-0.006538	-0.000373	0.006549
0.1694	0.2500	6.934000	-0.006905	-0.000463	0.006921
0.1855	0.2500	6.938000	-0.007314	-0.000562	0.007336
0.2016	0.2500	6.943000	-0.007774	-0.000671	0.007803
0.2177	0.2500	6.949000	-0.008302	-0.000789	0.008339
0.2339	0.2500	6.955000	-0.008883	-0.000908	0.008929
0.2500	0.2500	6.963000	-0.009517	-0.001021	0.009572
