1.675513972113849150e+03
1.678467261300005703e+03
1.681420550486162256e+03
1.684373839672319036e+03
1.687327128858475589e+03
1.690280418044632142e+03
1.693233707230788696e+03
1.696186996416945249e+03
1.699140285603102029e+03
1.702093574789258582e+03
1.705046863975415135e+03
1.708000153161571689e+03
1.710953442347728469e+03
1.713906731533885022e+03
1.716860020720041575e+03
1.719813309906198128e+03
1.722766599092354681e+03
1.725719888278511462e+03
1.728673177464668015e+03
1.731626466650824568e+03
1.734579755836981121e+03
1.737533045023137674e+03
1.740486334209294455e+03
1.743439623395451008e+03
1.746392912581607561e+03
1.749346201767764114e+03
1.752299490953920667e+03
1.755252780140077448e+03
1.758206069326234001e+03
1.761159358512390554e+03
1.764112647698547107e+03
1.767065936884703888e+03
1.770019226070860441e+03
1.772972515257016994e+03
1.775925804443173547e+03
1.778879093629330100e+03
1.781832382815486881e+03
1.784785672001643434e+03
1.787738961187799987e+03
1.790692250373956540e+03
1.793645539560113093e+03
1.796598828746269874e+03
1.799552117932426427e+03
1.802505407118582980e+03
1.805458696304739533e+03
1.808411985490896313e+03
1.811365274677052867e+03
1.814318563863209420e+03
1.817271853049365973e+03
1.820225142235522526e+03
1.823178431421679306e+03
1.826131720607835859e+03
1.829085009793992413e+03
1.832038298980148966e+03
1.834991588166305519e+03
1.837944877352462299e+03
1.840898166538618852e+03
1.843851455724775406e+03
1.846804744910931959e+03
1.849758034097088512e+03
1.852711323283245292e+03
1.855664612469401845e+03
1.858617901655558398e+03
1.861571190841714952e+03
1.864524480027871505e+03
1.867477769214028285e+03
1.870431058400184838e+03
1.873384347586341391e+03
1.876337636772497945e+03
1.879290925958654498e+03
1.882244215144811278e+03
1.885197504330967831e+03
1.888150793517124384e+03
1.891104082703280937e+03
1.894057371889437718e+03
1.897010661075594271e+03
1.899963950261750824e+03
1.902917239447907377e+03
1.905870528634064158e+03
1.908823817820220711e+03
1.911777107006377264e+03
1.914730396192533817e+03
1.917683685378690370e+03
1.920636974564847151e+03
1.923590263751003704e+03
1.926543552937160257e+03
1.929496842123316810e+03
1.932450131309473363e+03
1.935403420495630144e+03
1.938356709681786697e+03
1.941309998867943250e+03
1.944263288054099803e+03
1.947216577240256356e+03
1.950169866426413137e+03
1.953123155612569690e+03
1.956076444798726243e+03
1.959029733984882796e+03
1.961983023171039349e+03
1.964936312357196130e+03
1.967889601543352683e+03
1.970842890729509236e+03
1.973796179915665789e+03
1.976749469101822342e+03
1.979702758287979123e+03
1.982656047474135676e+03
1.985609336660292229e+03
1.988562625846448782e+03
1.991515915032605335e+03
1.994469204218762115e+03
1.997422493404918669e+03
2.000375782591075222e+03
2.003329071777232002e+03
2.006282360963388328e+03
2.009235650149545108e+03
2.012188939335701662e+03
2.015142228521858215e+03
2.018095517708014995e+03
2.021048806894171548e+03
2.024002096080328101e+03
2.026955385266484654e+03
2.029908674452641208e+03
2.032861963638797988e+03
2.035815252824954541e+03
2.038768542011111094e+03
2.041721831197267647e+03
2.044675120383424201e+03
2.047628409569580981e+03
2.050581698755737307e+03
2.053534987941894087e+03
2.056488277128050868e+03
2.059441566314207193e+03
2.062394855500363974e+03
2.065348144686520300e+03
2.068301433872677080e+03
2.071254723058833861e+03
2.074208012244990186e+03
2.077161301431146967e+03
2.080114590617303293e+03
2.083067879803460073e+03
2.086021168989616854e+03
2.088974458175773179e+03
2.091927747361929960e+03
2.094881036548086740e+03
2.097834325734243066e+03
2.100787614920399847e+03
2.103740904106556172e+03
2.106694193292712953e+03
2.109647482478869279e+03
2.112600771665026059e+03
2.115554060851182840e+03
2.118507350037339165e+03
2.121460639223495946e+03
2.124413928409652726e+03
2.127367217595809052e+03
2.130320506781965832e+03
2.133273795968122158e+03
2.136227085154278939e+03
2.139180374340435264e+03
2.142133663526592045e+03
2.145086952712748825e+03
2.148040241898905151e+03
2.150993531085061932e+03
2.153946820271218712e+03
2.156900109457375038e+03
2.159853398643531818e+03
2.162806687829688144e+03
2.165759977015844925e+03
2.168713266202001705e+03
2.171666555388158031e+03
2.174619844574314811e+03
2.177573133760471137e+03
2.180526422946627918e+03
2.183479712132784698e+03
2.186433001318941024e+03
2.189386290505097804e+03
2.192339579691254585e+03
2.195292868877410910e+03
2.198246158063567691e+03
2.201199447249724017e+03
2.204152736435880797e+03
2.207106025622037123e+03
2.210059314808193903e+03
2.213012603994350684e+03
2.215965893180507010e+03
2.218919182366663790e+03
2.221872471552820571e+03
2.224825760738976896e+03
2.227779049925133677e+03
2.230732339111290003e+03
2.233685628297446783e+03
2.236638917483603109e+03
2.239592206669759889e+03
2.242545495855916670e+03
2.245498785042072996e+03
2.248452074228229776e+03
2.251405363414386557e+03
2.254358652600542882e+03
2.257311941786699663e+03
2.260265230972856443e+03
2.263218520159012769e+03
2.266171809345169095e+03
2.269125098531325875e+03
2.272078387717482656e+03
2.275031676903638981e+03
2.277984966089795762e+03
2.280938255275952542e+03
2.283891544462108868e+03
2.286844833648265649e+03
2.289798122834422429e+03
2.292751412020578755e+03
2.295704701206735535e+03
2.298657990392891861e+03
2.301611279579048642e+03
2.304564568765204967e+03
2.307517857951361748e+03
2.310471147137518528e+03
2.313424436323674854e+03
2.316377725509831635e+03
2.319331014695988415e+03
2.322284303882144741e+03
2.325237593068301521e+03
2.328190882254457847e+03
2.331144171440614627e+03
2.334097460626770953e+03
2.337050749812927734e+03
2.340004038999084514e+03
2.342957328185240840e+03
2.345910617371397620e+03
2.348863906557554401e+03
2.351817195743710727e+03
2.354770484929867507e+03
2.357723774116023833e+03
2.360677063302180613e+03
2.363630352488336939e+03
2.366583641674493720e+03
2.369536930860650500e+03
2.372490220046806826e+03
2.375443509232963606e+03
2.378396798419120387e+03
2.381350087605276713e+03
2.384303376791433493e+03
2.387256665977590274e+03
2.390209955163746599e+03
2.393163244349903380e+03
2.396116533536059706e+03
2.399069822722216486e+03
2.402023111908372812e+03
2.404976401094529592e+03
2.407929690280686373e+03
2.410882979466842698e+03
2.413836268652999479e+03
2.416789557839156259e+03
2.419742847025312585e+03
2.422696136211469366e+03
2.425649425397625691e+03
2.428602714583782472e+03
2.431556003769938798e+03
2.434509292956095578e+03
2.437462582142252359e+03
2.440415871328408684e+03
2.443369160514565465e+03
2.446322449700722245e+03
2.449275738886878571e+03
2.452229028073035352e+03
2.455182317259191677e+03
2.458135606445348458e+03
2.461088895631504784e+03
2.464042184817661564e+03
2.466995474003818344e+03
2.469948763189974670e+03
2.472902052376131451e+03
2.475855341562288231e+03
2.478808630748444557e+03
2.481761919934601337e+03
2.484715209120758118e+03
2.487668498306914444e+03
2.490621787493070769e+03
2.493575076679227550e+03
2.496528365865384330e+03
2.499481655051540656e+03
2.502434944237697437e+03
2.505388233423854217e+03
2.508341522610010543e+03
2.511294811796167323e+03
2.514248100982324104e+03
2.517201390168480430e+03
2.520154679354637210e+03
2.523107968540793536e+03
2.526061257726950316e+03
2.529014546913106642e+03
2.531967836099263423e+03
2.534921125285420203e+03
2.537874414471576529e+03
2.540827703657733309e+03
2.543780992843890090e+03
2.546734282030046415e+03
2.549687571216203196e+03
2.552640860402359522e+03
2.555594149588516302e+03
2.558547438774672628e+03
2.561500727960829408e+03
2.564454017146986189e+03
2.567407306333142515e+03
2.570360595519299295e+03
2.573313884705456076e+03
2.576267173891612401e+03
2.579220463077769182e+03
2.582173752263925962e+03
2.585127041450082288e+03
2.588080330636238614e+03
2.591033619822395394e+03
2.593986909008552175e+03
2.596940198194708501e+03
2.599893487380865281e+03
2.602846776567022061e+03
2.605800065753178387e+03
2.608753354939335168e+03
2.611706644125491948e+03
2.614659933311648274e+03
2.617613222497805054e+03
2.620566511683961380e+03
2.623519800870118161e+03
2.626473090056274486e+03
2.629426379242431267e+03
2.632379668428588047e+03
2.635332957614744373e+03
2.638286246800901154e+03
2.641239535987057934e+03
2.644192825173214260e+03
2.647146114359371040e+03
2.650099403545527366e+03
2.653052692731684147e+03
2.656005981917840472e+03
2.658959271103997253e+03
2.661912560290154033e+03
2.664865849476310359e+03
2.667819138662467140e+03
2.670772427848623920e+03
2.673725717034780246e+03
2.676679006220937026e+03
2.679632295407093352e+03
2.682585584593250132e+03
2.685538873779406458e+03
2.688492162965563239e+03
2.691445452151720019e+03
2.694398741337876345e+03
2.697352030524033125e+03
2.700305319710189906e+03
2.703258608896346232e+03
2.706211898082503012e+03
2.709165187268659793e+03
2.712118476454816118e+03
2.715071765640972444e+03
2.718025054827129225e+03
2.720978344013286005e+03
2.723931633199442331e+03
2.726884922385599111e+03
2.729838211571755892e+03
2.732791500757912218e+03
2.735744789944068998e+03
2.738698079130225778e+03
2.741651368316382104e+03
2.744604657502538430e+03
2.747557946688695665e+03
2.750511235874851991e+03
2.753464525061008317e+03
2.756417814247165097e+03
2.759371103433321878e+03
2.762324392619478203e+03
2.765277681805634984e+03
2.768230970991791764e+03
2.771184260177948090e+03
2.774137549364104416e+03
2.777090838550261651e+03
2.780044127736417977e+03
2.782997416922574303e+03
2.785950706108731083e+03
2.788903995294887864e+03
2.791857284481044189e+03
2.794810573667200970e+03
2.797763862853357750e+03
2.800717152039514076e+03
2.803670441225670857e+03
2.806623730411827637e+03
2.809577019597983963e+03
2.812530308784140288e+03
2.815483597970297069e+03
2.818436887156453849e+03
2.821390176342610175e+03
2.824343465528766956e+03
2.827296754714923736e+03
2.830250043901080062e+03
2.833203333087236842e+03
2.836156622273393623e+03
2.839109911459549949e+03
2.842063200645706274e+03
2.845016489831863510e+03
2.847969779018019835e+03
2.850923068204176161e+03
2.853876357390332942e+03
2.856829646576489722e+03
2.859782935762646048e+03
2.862736224948802828e+03
2.865689514134959609e+03
2.868642803321115935e+03
2.871596092507272260e+03
2.874549381693429495e+03
2.877502670879585821e+03
2.880455960065742147e+03
2.883409249251898927e+03
2.886362538438055708e+03
2.889315827624212034e+03
2.892269116810368814e+03
2.895222405996525595e+03
2.898175695182681920e+03
2.901128984368838701e+03
2.904082273554995481e+03
2.907035562741151807e+03
2.909988851927308133e+03
2.912942141113464913e+03
2.915895430299621694e+03
2.918848719485778020e+03
2.921802008671934800e+03
2.924755297858091581e+03
2.927708587044247906e+03
2.930661876230404687e+03
2.933615165416561467e+03
2.936568454602717793e+03
2.939521743788874119e+03
2.942475032975030899e+03
2.945428322161187680e+03
2.948381611347344005e+03
2.951334900533500786e+03
2.954288189719657566e+03
2.957241478905813892e+03
2.960194768091970673e+03
2.963148057278127453e+03
2.966101346464283779e+03
2.969054635650440105e+03
2.972007924836597340e+03
2.974961214022753666e+03
2.977914503208909991e+03
2.980867792395066772e+03
2.983821081581223552e+03
2.986774370767379878e+03
2.989727659953536659e+03
2.992680949139693439e+03
2.995634238325849765e+03
2.998587527512006091e+03
3.001540816698163326e+03
3.004494105884319652e+03
3.007447395070475977e+03
3.010400684256632758e+03
3.013353973442789538e+03
3.016307262628945864e+03
3.019260551815102644e+03
3.022213841001259425e+03
3.025167130187415751e+03
3.028120419373572531e+03
3.031073708559729312e+03
3.034026997745885637e+03
3.036980286932041963e+03
3.039933576118198744e+03
3.042886865304355524e+03
3.045840154490511850e+03
3.048793443676668630e+03
3.051746732862825411e+03
3.054700022048981737e+03
3.057653311235138517e+03
3.060606600421295298e+03
3.063559889607451623e+03
3.066513178793607949e+03
3.069466467979765184e+03
3.072419757165921510e+03
3.075373046352077836e+03
3.078326335538234616e+03
3.081279624724391397e+03
3.084232913910547722e+03
3.087186203096704503e+03
3.090139492282861283e+03
3.093092781469017609e+03
3.096046070655173935e+03
3.098999359841331170e+03
3.101952649027487496e+03
3.104905938213643822e+03
3.107859227399800602e+03
3.110812516585957383e+03
3.113765805772113708e+03
3.116719094958270489e+03
3.119672384144427269e+03
3.122625673330583595e+03
3.125578962516740376e+03
3.128532251702897156e+03
3.131485540889053482e+03
3.134438830075209808e+03
3.137392119261366588e+03
3.140345408447523369e+03
3.143298697633679694e+03
3.146251986819836475e+03
3.149205276005993255e+03
3.152158565192149581e+03
3.155111854378306361e+03
3.158065143564463142e+03
3.161018432750619468e+03
3.163971721936775793e+03
3.166925011122933029e+03
3.169878300309089354e+03
3.172831589495245680e+03
3.175784878681402461e+03
3.178738167867559241e+03
3.181691457053715567e+03
3.184644746239872347e+03
3.187598035426029128e+03
3.190551324612185454e+03
3.193504613798341779e+03
3.196457902984499015e+03
3.199411192170655340e+03
3.202364481356811666e+03
3.205317770542968447e+03
3.208271059729125227e+03
3.211224348915281553e+03
3.214177638101438333e+03
3.217130927287595114e+03
3.220084216473751439e+03
3.223037505659908220e+03
3.225990794846065000e+03
3.228944084032221326e+03
3.231897373218377652e+03
3.234850662404534432e+03
3.237803951590691213e+03
3.240757240776847539e+03
3.243710529963004319e+03
3.246663819149161100e+03
3.249617108335317425e+03
3.252570397521474206e+03
3.255523686707630986e+03
3.258476975893787312e+03
3.261430265079943638e+03
3.264383554266100418e+03
3.267336843452257199e+03
3.270290132638413525e+03
3.273243421824570305e+03
3.276196711010727086e+03
3.279150000196883411e+03
3.282103289383040192e+03
3.285056578569196972e+03
3.288009867755353298e+03
3.290963156941509624e+03
3.293916446127666859e+03
3.296869735313823185e+03
3.299823024499979510e+03
3.302776313686136291e+03
3.305729602872293071e+03
3.308682892058449397e+03
3.311636181244606178e+03
3.314589470430762958e+03
3.317542759616919284e+03
3.320496048803075610e+03
3.323449337989232845e+03
3.326402627175389171e+03
3.329355916361545496e+03
3.332309205547702277e+03
3.335262494733859057e+03
3.338215783920015383e+03
3.341169073106172164e+03
3.344122362292328944e+03
3.347075651478485270e+03
3.350028940664642050e+03
3.352982229850798831e+03
3.355935519036955156e+03
3.358888808223111482e+03
3.361842097409268263e+03
3.364795386595425043e+03
3.367748675781581369e+03
3.370701964967738149e+03
3.373655254153894930e+03
3.376608543340051256e+03
3.379561832526208036e+03
3.382515121712364817e+03
3.385468410898521142e+03
3.388421700084677468e+03
3.391374989270834703e+03
3.394328278456991029e+03
3.397281567643147355e+03
3.400234856829304135e+03
3.403188146015460916e+03
3.406141435201617242e+03
3.409094724387774022e+03
3.412048013573930803e+03
3.415001302760087128e+03
3.417954591946243454e+03
3.420907881132400689e+03
3.423861170318557015e+03
3.426814459504713341e+03
3.429767748690870121e+03
3.432721037877026902e+03
3.435674327063183227e+03
3.438627616249340008e+03
3.441580905435496788e+03
3.444534194621653114e+03
3.447487483807809895e+03
3.450440772993966675e+03
3.453394062180123001e+03
3.456347351366279327e+03
3.459300640552436107e+03
3.462253929738592888e+03
3.465207218924749213e+03
3.468160508110905994e+03
3.471113797297062774e+03
3.474067086483219100e+03
3.477020375669375881e+03
3.479973664855532661e+03
3.482926954041688987e+03
3.485880243227845313e+03
3.488833532414002548e+03
3.491786821600158873e+03
3.494740110786315199e+03
3.497693399972471980e+03
3.500646689158628760e+03
3.503599978344785086e+03
3.506553267530941866e+03
3.509506556717098647e+03
3.512459845903254973e+03
3.515413135089411298e+03
3.518366424275568534e+03
3.521319713461724859e+03
3.524273002647881185e+03
3.527226291834037966e+03
3.530179581020194746e+03
3.533132870206351072e+03
3.536086159392507852e+03
3.539039448578664633e+03
3.541992737764820959e+03
3.544946026950977739e+03
3.547899316137134520e+03
3.550852605323290845e+03
3.553805894509447171e+03
3.556759183695603951e+03
3.559712472881760732e+03
3.562665762067917058e+03
3.565619051254073838e+03
3.568572340440230619e+03
3.571525629626386944e+03
3.574478918812543725e+03
3.577432207998700505e+03
3.580385497184856831e+03
3.583338786371013157e+03
3.586292075557169937e+03
3.589245364743326718e+03
3.592198653929483044e+03
3.595151943115639824e+03
3.598105232301796605e+03
3.601058521487952930e+03
3.604011810674109711e+03
3.606965099860266491e+03
3.609918389046422817e+03
3.612871678232579143e+03
3.615824967418736378e+03
3.618778256604892704e+03
3.621731545791049030e+03
3.624684834977205810e+03
3.627638124163362590e+03
3.630591413349518916e+03
3.633544702535675697e+03
3.636497991721832477e+03
3.639451280907988803e+03
3.642404570094145129e+03
3.645357859280302364e+03
3.648311148466458690e+03
3.651264437652615015e+03
3.654217726838771796e+03
3.657171016024928576e+03
3.660124305211084902e+03
3.663077594397241683e+03
3.666030883583398463e+03
3.668984172769554789e+03
3.671937461955711569e+03
3.674890751141868350e+03
3.677844040328024676e+03
3.680797329514181001e+03
3.683750618700337782e+03
3.686703907886494562e+03
3.689657197072650888e+03
3.692610486258807668e+03
3.695563775444964449e+03
3.698517064631120775e+03
3.701470353817277555e+03
3.704423643003434336e+03
3.707376932189590661e+03
3.710330221375746987e+03
3.713283510561904222e+03
3.716236799748060548e+03
3.719190088934216874e+03
3.722143378120373654e+03
3.725096667306530435e+03
3.728049956492686761e+03
3.731003245678843086e+03
3.733956534865000322e+03
3.736909824051156647e+03
3.739863113237312973e+03
3.742816402423470208e+03
3.745769691609626534e+03
3.748722980795782860e+03
3.751676269981940095e+03
3.754629559168096421e+03
3.757582848354252747e+03
3.760536137540409072e+03
3.763489426726566307e+03
3.766442715912722633e+03
3.769396005098878959e+03
3.772349294285036194e+03
3.775302583471192520e+03
3.778255872657348846e+03
3.781209161843506081e+03
3.784162451029662407e+03
3.787115740215818732e+03
3.790069029401975968e+03
3.793022318588132293e+03
3.795975607774288619e+03
3.798928896960444945e+03
3.801882186146602180e+03
3.804835475332758506e+03
3.807788764518914832e+03
3.810742053705072067e+03
3.813695342891228393e+03
3.816648632077384718e+03
3.819601921263541954e+03
3.822555210449698279e+03
3.825508499635854605e+03
3.828461788822010931e+03
3.831415078008168166e+03
3.834368367194324492e+03
3.837321656380480817e+03
3.840274945566638053e+03
3.843228234752794378e+03
3.846181523938950704e+03
3.849134813125107939e+03
3.852088102311264265e+03
3.855041391497420591e+03
3.857994680683576917e+03
3.860947969869734152e+03
3.863901259055890478e+03
3.866854548242046803e+03
3.869807837428204039e+03
3.872761126614360364e+03
3.875714415800516690e+03
3.878667704986673925e+03
3.881620994172830251e+03
3.884574283358986577e+03
3.887527572545142903e+03
3.890480861731300138e+03
3.893434150917456464e+03
3.896387440103612789e+03
3.899340729289770024e+03
3.902294018475926350e+03
3.905247307662082676e+03
3.908200596848239911e+03
3.911153886034396237e+03
3.914107175220552563e+03
3.917060464406709798e+03
3.920013753592866124e+03
3.922967042779022449e+03
3.925920331965178775e+03
3.928873621151336010e+03
3.931826910337492336e+03
3.934780199523648662e+03
3.937733488709805897e+03
3.940686777895962223e+03
3.943640067082118549e+03
3.946593356268275784e+03
3.949546645454432110e+03
3.952499934640588435e+03
3.955453223826744761e+03
3.958406513012901996e+03
3.961359802199058322e+03
3.964313091385214648e+03
3.967266380571371883e+03
3.970219669757528209e+03
3.973172958943684534e+03
3.976126248129841770e+03
3.979079537315998095e+03
3.982032826502154421e+03
3.984986115688310747e+03
3.987939404874467982e+03
3.990892694060624308e+03
3.993845983246780634e+03
3.996799272432937869e+03
3.999752561619094195e+03
4.002705850805250520e+03
4.005659139991407756e+03
4.008612429177564081e+03
4.011565718363720407e+03
4.014519007549877642e+03
4.017472296736033968e+03
4.020425585922190294e+03
4.023378875108346620e+03
4.026332164294503855e+03
4.029285453480660181e+03
4.032238742666816506e+03
4.035192031852973741e+03
4.038145321039130067e+03
4.041098610225286393e+03
4.044051899411443628e+03
4.047005188597599954e+03
4.049958477783756280e+03
4.052911766969912605e+03
4.055865056156069841e+03
4.058818345342226166e+03
4.061771634528382492e+03
4.064724923714539727e+03
4.067678212900696053e+03
4.070631502086852379e+03
4.073584791273009614e+03
4.076538080459165940e+03
4.079491369645322266e+03
4.082444658831478591e+03
4.085397948017635827e+03
4.088351237203792152e+03
4.091304526389948478e+03
4.094257815576105713e+03
4.097211104762262039e+03
4.100164393948418365e+03
4.103117683134575600e+03
4.106070972320731926e+03
4.109024261506888251e+03
4.111977550693045487e+03
4.114930839879201812e+03
4.117884129065358138e+03
4.120837418251514464e+03
4.123790707437671699e+03
4.126743996623828025e+03
4.129697285809984351e+03
4.132650574996141586e+03
4.135603864182297912e+03
4.138557153368454237e+03
4.141510442554611473e+03
4.144463731740767798e+03
4.147417020926924124e+03
4.150370310113080450e+03
4.153323599299237685e+03
4.156276888485394011e+03
4.159230177671550337e+03
4.162183466857707572e+03
4.165136756043863898e+03
4.168090045230020223e+03
4.171043334416177458e+03
4.173996623602333784e+03
4.176949912788490110e+03
4.179903201974646436e+03
4.182856491160803671e+03
4.185809780346959997e+03
4.188763069533116322e+03
4.191716358719273558e+03
4.194669647905429883e+03
4.197622937091586209e+03
4.200576226277743444e+03
4.203529515463899770e+03
4.206482804650056096e+03
4.209436093836212422e+03
4.212389383022369657e+03
4.215342672208525983e+03
4.218295961394682308e+03
4.221249250580839544e+03
4.224202539766995869e+03
4.227155828953152195e+03
4.230109118139309430e+03
4.233062407325465756e+03
4.236015696511622082e+03
4.238968985697779317e+03
4.241922274883935643e+03
4.244875564070091968e+03
4.247828853256248294e+03
4.250782142442405529e+03
4.253735431628561855e+03
4.256688720814718181e+03
4.259642010000875416e+03
4.262595299187031742e+03
4.265548588373188068e+03
4.268501877559345303e+03
4.271455166745501629e+03
4.274408455931657954e+03
4.277361745117814280e+03
4.280315034303971515e+03
4.283268323490127841e+03
4.286221612676284167e+03
4.289174901862441402e+03
4.292128191048597728e+03
4.295081480234754054e+03
4.298034769420911289e+03
4.300988058607067615e+03
4.303941347793223940e+03
4.306894636979380266e+03
4.309847926165537501e+03
4.312801215351693827e+03
4.315754504537850153e+03
4.318707793724007388e+03
4.321661082910163714e+03
4.324614372096320039e+03
4.327567661282477275e+03
4.330520950468633600e+03
4.333474239654789926e+03
4.336427528840947161e+03
4.339380818027103487e+03
4.342334107213259813e+03
4.345287396399416139e+03
4.348240685585573374e+03
4.351193974771729700e+03
4.354147263957886025e+03
4.357100553144043261e+03
4.360053842330199586e+03
4.363007131516355912e+03
4.365960420702513147e+03
4.368913709888669473e+03
4.371866999074825799e+03
4.374820288260982124e+03
4.377773577447139360e+03
4.380726866633295685e+03
4.383680155819452011e+03
4.386633445005609246e+03
4.389586734191765572e+03
4.392540023377921898e+03
4.395493312564079133e+03
4.398446601750235459e+03
4.401399890936391785e+03
4.404353180122548110e+03
4.407306469308705346e+03
4.410259758494861671e+03
4.413213047681017997e+03
4.416166336867175232e+03
4.419119626053331558e+03
4.422072915239487884e+03
4.425026204425645119e+03
4.427979493611801445e+03
4.430932782797957771e+03
4.433886071984115006e+03
4.436839361170271332e+03
4.439792650356427657e+03
4.442745939542583983e+03
4.445699228728741218e+03
4.448652517914897544e+03
4.451605807101053870e+03
4.454559096287211105e+03
4.457512385473367431e+03
4.460465674659523756e+03
4.463418963845680992e+03
4.466372253031837317e+03
4.469325542217993643e+03
4.472278831404149969e+03
4.475232120590307204e+03
4.478185409776463530e+03
4.481138698962619856e+03
4.484091988148777091e+03
4.487045277334933417e+03
4.489998566521089742e+03
4.492951855707246978e+03
4.495905144893403303e+03
4.498858434079559629e+03
4.501811723265715955e+03
4.504765012451873190e+03
4.507718301638029516e+03
4.510671590824185841e+03
4.513624880010343077e+03
4.516578169196499402e+03
4.519531458382655728e+03
4.522484747568812963e+03
4.525438036754969289e+03
4.528391325941125615e+03
4.531344615127281941e+03
4.534297904313439176e+03
4.537251193499595502e+03
4.540204482685751827e+03
4.543157771871909063e+03
4.546111061058065388e+03
4.549064350244221714e+03
4.552017639430378949e+03
4.554970928616535275e+03
4.557924217802691601e+03
4.560877506988848836e+03
4.563830796175005162e+03
4.566784085361161488e+03
4.569737374547317813e+03
4.572690663733475049e+03
4.575643952919631374e+03
4.578597242105787700e+03
4.581550531291944935e+03
4.584503820478101261e+03
4.587457109664257587e+03
4.590410398850414822e+03
4.593363688036571148e+03
4.596316977222727473e+03
4.599270266408883799e+03
4.602223555595041034e+03
4.605176844781197360e+03
4.608130133967353686e+03
4.611083423153510921e+03
4.614036712339667247e+03
4.616990001525823573e+03
4.619943290711980808e+03
4.622896579898137134e+03
4.625849869084293459e+03
4.628803158270449785e+03
4.631756447456607020e+03
4.634709736642763346e+03
4.637663025828919672e+03
4.640616315015076907e+03
4.643569604201233233e+03
4.646522893387389558e+03
4.649476182573546794e+03
4.652429471759703119e+03
4.655382760945859445e+03
4.658336050132016680e+03
4.661289339318173006e+03
4.664242628504329332e+03
4.667195917690485658e+03
4.670149206876642893e+03
4.673102496062799219e+03
4.676055785248955544e+03
4.679009074435112780e+03
4.681962363621269105e+03
4.684915652807425431e+03
4.687868941993582666e+03
4.690822231179738992e+03
4.693775520365895318e+03
4.696728809552051644e+03
4.699682098738208879e+03
4.702635387924365205e+03
4.705588677110521530e+03
4.708541966296678766e+03
4.711495255482835091e+03
4.714448544668991417e+03
4.717401833855148652e+03
4.720355123041304978e+03
4.723308412227461304e+03
4.726261701413617629e+03
4.729214990599774865e+03
4.732168279785931190e+03
4.735121568972087516e+03
4.738074858158244751e+03
4.741028147344401077e+03
4.743981436530557403e+03
4.746934725716714638e+03
4.749888014902870964e+03
4.752841304089027290e+03
4.755794593275184525e+03
4.758747882461340851e+03
4.761701171647497176e+03
4.764654460833653502e+03
4.767607750019810737e+03
4.770561039205967063e+03
4.773514328392123389e+03
4.776467617578280624e+03
4.779420906764436950e+03
4.782374195950593275e+03
4.785327485136750511e+03
4.788280774322906836e+03
4.791234063509063162e+03
4.794187352695219488e+03
4.797140641881376723e+03
4.800093931067533049e+03
4.803047220253689375e+03
4.806000509439846610e+03
4.808953798626002936e+03
4.811907087812159261e+03
4.814860376998316497e+03
4.817813666184472822e+03
4.820766955370629148e+03
4.823720244556785474e+03
4.826673533742942709e+03
4.829626822929099035e+03
4.832580112115255361e+03
4.835533401301412596e+03
4.838486690487568922e+03
4.841439979673725247e+03
4.844393268859882483e+03
4.847346558046038808e+03
4.850299847232195134e+03
4.853253136418351460e+03
4.856206425604508695e+03
4.859159714790665021e+03
4.862113003976821346e+03
4.865066293162978582e+03
4.868019582349134907e+03
4.870972871535291233e+03
4.873926160721448468e+03
4.876879449907604794e+03
4.879832739093761120e+03
4.882786028279918355e+03
4.885739317466074681e+03
4.888692606652231007e+03
4.891645895838387332e+03
4.894599185024544568e+03
4.897552474210700893e+03
4.900505763396857219e+03
4.903459052583014454e+03
4.906412341769170780e+03
4.909365630955327106e+03
4.912318920141484341e+03
4.915272209327640667e+03
4.918225498513796992e+03
4.921178787699953318e+03
4.924132076886110553e+03
4.927085366072266879e+03
4.930038655258423205e+03
4.932991944444580440e+03
4.935945233630736766e+03
4.938898522816893092e+03
4.941851812003050327e+03
4.944805101189206653e+03
4.947758390375362978e+03
4.950711679561519304e+03
4.953664968747676539e+03
4.956618257933832865e+03
4.959571547119989191e+03
4.962524836306146426e+03
4.965478125492302752e+03
4.968431414678459078e+03
4.971384703864616313e+03
4.974337993050772639e+03
4.977291282236928964e+03
4.980244571423086200e+03
4.983197860609242525e+03
4.986151149795398851e+03
4.989104438981555177e+03
4.992057728167712412e+03
4.995011017353868738e+03
4.997964306540025063e+03
5.000917595726182299e+03
5.003870884912338624e+03
5.006824174098494950e+03
5.009777463284652185e+03
5.012730752470808511e+03
5.015684041656964837e+03
5.018637330843121163e+03
5.021590620029278398e+03
5.024543909215434724e+03
5.027497198401591049e+03
5.030450487587748285e+03
5.033403776773904610e+03
5.036357065960060936e+03
5.039310355146218171e+03
5.042263644332374497e+03
5.045216933518530823e+03
5.048170222704687149e+03
5.051123511890844384e+03
5.054076801077000709e+03
5.057030090263157035e+03
5.059983379449314270e+03
5.062936668635470596e+03
5.065889957821626922e+03
5.068843247007784157e+03
5.071796536193940483e+03
5.074749825380096809e+03
5.077703114566254044e+03
5.080656403752410370e+03
5.083609692938566695e+03
5.086562982124723021e+03
5.089516271310880256e+03
5.092469560497036582e+03
5.095422849683192908e+03
5.098376138869350143e+03
5.101329428055506469e+03
5.104282717241662795e+03
5.107236006427820030e+03
5.110189295613976356e+03
5.113142584800132681e+03
5.116095873986289007e+03
5.119049163172446242e+03
5.122002452358602568e+03
5.124955741544758894e+03
5.127909030730916129e+03
5.130862319917072455e+03
5.133815609103228780e+03
5.136768898289386016e+03
5.139722187475542341e+03
5.142675476661698667e+03
5.145628765847854993e+03
5.148582055034012228e+03
5.151535344220168554e+03
5.154488633406324880e+03
5.157441922592482115e+03
5.160395211778638441e+03
5.163348500964794766e+03
5.166301790150952002e+03
5.169255079337108327e+03
5.172208368523264653e+03
5.175161657709420979e+03
5.178114946895578214e+03
5.181068236081734540e+03
5.184021525267890866e+03
5.186974814454048101e+03
5.189928103640204426e+03
5.192881392826360752e+03
5.195834682012517987e+03
5.198787971198674313e+03
5.201741260384830639e+03
5.204694549570987874e+03
5.207647838757144200e+03
5.210601127943300526e+03
5.213554417129456851e+03
5.216507706315614087e+03
5.219460995501770412e+03
5.222414284687926738e+03
5.225367573874083973e+03
5.228320863060240299e+03
5.231274152246396625e+03
5.234227441432553860e+03
5.237180730618710186e+03
5.240134019804866512e+03
5.243087308991022837e+03
5.246040598177180073e+03
5.248993887363336398e+03
5.251947176549492724e+03
5.254900465735649959e+03
5.257853754921806285e+03
5.260807044107962611e+03
5.263760333294119846e+03
5.266713622480276172e+03
5.269666911666432497e+03
5.272620200852588823e+03
5.275573490038746058e+03
5.278526779224902384e+03
5.281480068411058710e+03
5.284433357597215945e+03
5.287386646783372271e+03
5.290339935969528597e+03
5.293293225155685832e+03
5.296246514341842158e+03
5.299199803527998483e+03
5.302153092714155719e+03
5.305106381900312044e+03
5.308059671086468370e+03
5.311012960272624696e+03
5.313966249458781931e+03
5.316919538644938257e+03
5.319872827831094583e+03
5.322826117017251818e+03
5.325779406203408143e+03
5.328732695389564469e+03
5.331685984575721704e+03
5.334639273761878030e+03
5.337592562948034356e+03
5.340545852134190682e+03
5.343499141320347917e+03
5.346452430506504243e+03
5.349405719692660568e+03
5.352359008878817804e+03
5.355312298064974129e+03
5.358265587251130455e+03
5.361218876437287690e+03
5.364172165623444016e+03
5.367125454809600342e+03
5.370078743995756668e+03
5.373032033181913903e+03
5.375985322368070229e+03
5.378938611554226554e+03
5.381891900740383790e+03
5.384845189926540115e+03
5.387798479112696441e+03
5.390751768298853676e+03
5.393705057485010002e+03
5.396658346671166328e+03
5.399611635857322653e+03
5.402564925043479889e+03
5.405518214229636214e+03
5.408471503415792540e+03
5.411424792601949775e+03
5.414378081788106101e+03
5.417331370974262427e+03
5.420284660160419662e+03
5.423237949346575988e+03
5.426191238532732314e+03
5.429144527718889549e+03
5.432097816905045875e+03
5.435051106091202200e+03
5.438004395277358526e+03
5.440957684463515761e+03
5.443910973649672087e+03
5.446864262835828413e+03
5.449817552021985648e+03
5.452770841208141974e+03
5.455724130394298300e+03
5.458677419580455535e+03
5.461630708766611860e+03
5.464583997952768186e+03
5.467537287138924512e+03
5.470490576325081747e+03
5.473443865511238073e+03
5.476397154697394399e+03
5.479350443883551634e+03
5.482303733069707960e+03
5.485257022255864285e+03
5.488210311442021521e+03
5.491163600628177846e+03
5.494116889814334172e+03
5.497070179000490498e+03
5.500023468186647733e+03
5.502976757372804059e+03
5.505930046558960385e+03
5.508883335745117620e+03
5.511836624931273946e+03
5.514789914117430271e+03
5.517743203303587507e+03
5.520696492489743832e+03
5.523649781675900158e+03
5.526603070862057393e+03
5.529556360048213719e+03
5.532509649234370045e+03
5.535462938420526370e+03
5.538416227606683606e+03
5.541369516792839931e+03
5.544322805978996257e+03
5.547276095165153492e+03
5.550229384351309818e+03
5.553182673537466144e+03
5.556135962723623379e+03
5.559089251909779705e+03
5.562042541095936031e+03
5.564995830282092356e+03
5.567949119468249592e+03
5.570902408654405917e+03
5.573855697840562243e+03
5.576808987026719478e+03
5.579762276212875804e+03
5.582715565399032130e+03
5.585668854585189365e+03
5.588622143771345691e+03
5.591575432957502017e+03
5.594528722143658342e+03
5.597482011329815577e+03
5.600435300515971903e+03
5.603388589702128229e+03
5.606341878888285464e+03
5.609295168074441790e+03
5.612248457260598116e+03
5.615201746446755351e+03
5.618155035632911677e+03
5.621108324819068002e+03
5.624061614005225238e+03
5.627014903191381563e+03
5.629968192377537889e+03
5.632921481563694215e+03
5.635874770749851450e+03
5.638828059936007776e+03
5.641781349122164102e+03
5.644734638308321337e+03
5.647687927494477663e+03
5.650641216680633988e+03
5.653594505866791224e+03
5.656547795052947549e+03
5.659501084239103875e+03
5.662454373425260201e+03
5.665407662611417436e+03
5.668360951797573762e+03
5.671314240983730087e+03
5.674267530169887323e+03
5.677220819356043648e+03
5.680174108542199974e+03
5.683127397728357209e+03
5.686080686914513535e+03
5.689033976100669861e+03
5.691987265286826187e+03
5.694940554472983422e+03
5.697893843659139748e+03
5.700847132845296073e+03
5.703800422031453309e+03
5.706753711217609634e+03
5.709707000403765960e+03
5.712660289589923195e+03
5.715613578776079521e+03
5.718566867962235847e+03
5.721520157148392173e+03
5.724473446334549408e+03
5.727426735520705734e+03
5.730380024706862059e+03
5.733333313893019294e+03
5.736286603079175620e+03
5.739239892265331946e+03
5.742193181451489181e+03
5.745146470637645507e+03
5.748099759823801833e+03
5.751053049009959068e+03
5.754006338196115394e+03
5.756959627382271719e+03
5.759912916568428045e+03
5.762866205754585280e+03
5.765819494940741606e+03
5.768772784126897932e+03
5.771726073313055167e+03
5.774679362499211493e+03
5.777632651685367819e+03
5.780585940871525054e+03
5.783539230057681380e+03
5.786492519243837705e+03
5.789445808429994941e+03
5.792399097616151266e+03
5.795352386802307592e+03
5.798305675988464827e+03
5.801258965174621153e+03
5.804212254360777479e+03
5.807165543546934714e+03
5.810118832733091040e+03
5.813072121919247365e+03
5.816025411105403691e+03
5.818978700291560926e+03
5.821931989477717252e+03
5.824885278663873578e+03
5.827838567850030813e+03
5.830791857036187139e+03
5.833745146222343465e+03
5.836698435408500700e+03
5.839651724594657026e+03
5.842605013780813351e+03
5.845558302966969677e+03
5.848511592153126912e+03
5.851464881339283238e+03
5.854418170525439564e+03
5.857371459711596799e+03
5.860324748897753125e+03
5.863278038083909451e+03
5.866231327270066686e+03
5.869184616456223011e+03
5.872137905642379337e+03
5.875091194828535663e+03
5.878044484014692898e+03
5.880997773200849224e+03
5.883951062387005550e+03
5.886904351573162785e+03
5.889857640759319111e+03
5.892810929945475436e+03
5.895764219131632672e+03
5.898717508317788997e+03
5.901670797503945323e+03
5.904624086690102558e+03
5.907577375876258884e+03
5.910530665062415210e+03
5.913483954248571536e+03
5.916437243434728771e+03
5.919390532620885097e+03
5.922343821807041422e+03
5.925297110993198658e+03
5.928250400179354983e+03
5.931203689365511309e+03
5.934156978551668544e+03
5.937110267737824870e+03
5.940063556923981196e+03
5.943016846110137521e+03
5.945970135296294757e+03
5.948923424482451082e+03
5.951876713668607408e+03
5.954830002854764643e+03
5.957783292040920969e+03
5.960736581227077295e+03
5.963689870413234530e+03
5.966643159599390856e+03
5.969596448785547182e+03
5.972549737971703507e+03
5.975503027157860743e+03
5.978456316344017068e+03
5.981409605530173394e+03
5.984362894716330629e+03
5.987316183902486955e+03
5.990269473088643281e+03
5.993222762274800516e+03
5.996176051460956842e+03
5.999129340647113168e+03
6.002082629833270403e+03
6.005035919019426728e+03
6.007989208205583054e+03
6.010942497391739380e+03
6.013895786577896615e+03
6.016849075764052941e+03
6.019802364950209267e+03
6.022755654136366502e+03
6.025708943322522828e+03
6.028662232508679153e+03
6.031615521694836389e+03
6.034568810880992714e+03
6.037522100067149040e+03
6.040475389253305366e+03
6.043428678439462601e+03
6.046381967625618927e+03
6.049335256811775253e+03
6.052288545997932488e+03
6.055241835184088814e+03
6.058195124370245139e+03
6.061148413556402375e+03
6.064101702742558700e+03
6.067054991928715026e+03
6.070008281114871352e+03
6.072961570301028587e+03
6.075914859487184913e+03
6.078868148673341238e+03
6.081821437859498474e+03
6.084774727045654799e+03
6.087728016231811125e+03
6.090681305417968360e+03
6.093634594604124686e+03
6.096587883790281012e+03
6.099541172976437338e+03
6.102494462162594573e+03
6.105447751348750899e+03
6.108401040534907224e+03
6.111354329721064460e+03
6.114307618907220785e+03
6.117260908093377111e+03
6.120214197279534346e+03
6.123167486465690672e+03
6.126120775651846998e+03
6.129074064838004233e+03
6.132027354024160559e+03
6.134980643210316885e+03
6.137933932396473210e+03
6.140887221582630445e+03
6.143840510768786771e+03
6.146793799954943097e+03
6.149747089141100332e+03
6.152700378327256658e+03
6.155653667513412984e+03
6.158606956699570219e+03
6.161560245885726545e+03
6.164513535071882870e+03
6.167466824258039196e+03
6.170420113444196431e+03
6.173373402630352757e+03
6.176326691816509083e+03
6.179279981002666318e+03
6.182233270188822644e+03
6.185186559374978970e+03
6.188139848561136205e+03
6.191093137747292531e+03
6.194046426933448856e+03
6.196999716119605182e+03
6.199953005305762417e+03
6.202906294491918743e+03
6.205859583678075069e+03
6.208812872864232304e+03
6.211766162050388630e+03
6.214719451236544955e+03
6.217672740422702191e+03
6.220626029608858516e+03
6.223579318795014842e+03
6.226532607981172077e+03
6.229485897167328403e+03
6.232439186353484729e+03
6.235392475539641055e+03
6.238345764725798290e+03
6.241299053911954616e+03
6.244252343098110941e+03
6.247205632284268177e+03
6.250158921470424502e+03
6.253112210656580828e+03
6.256065499842738063e+03
6.259018789028894389e+03
6.261972078215050715e+03
6.264925367401207041e+03
6.267878656587364276e+03
6.270831945773520602e+03
6.273785234959676927e+03
6.276738524145834162e+03
6.279691813331990488e+03
6.282645102518146814e+03
6.285598391704304049e+03
6.288551680890460375e+03
6.291504970076616701e+03
6.294458259262773026e+03
6.297411548448930262e+03
6.300364837635086587e+03
6.303318126821242913e+03
6.306271416007400148e+03
6.309224705193556474e+03
6.312177994379712800e+03
6.315131283565870035e+03
6.318084572752026361e+03
6.321037861938182687e+03
6.323991151124339922e+03
6.326944440310496248e+03
6.329897729496652573e+03
6.332851018682808899e+03
6.335804307868966134e+03
6.338757597055122460e+03
6.341710886241278786e+03
6.344664175427436021e+03
6.347617464613592347e+03
6.350570753799748672e+03
6.353524042985905908e+03
6.356477332172062233e+03
6.359430621358218559e+03
6.362383910544374885e+03
6.365337199730532120e+03
6.368290488916688446e+03
6.371243778102844772e+03
6.374197067289002007e+03
6.377150356475158333e+03
6.380103645661314658e+03
6.383056934847471894e+03
6.386010224033628219e+03
6.388963513219784545e+03
6.391916802405940871e+03
6.394870091592098106e+03
6.397823380778254432e+03
6.400776669964410758e+03
6.403729959150567993e+03
6.406683248336724319e+03
6.409636537522880644e+03
6.412589826709037879e+03
6.415543115895194205e+03
6.418496405081350531e+03
6.421449694267506857e+03
6.424402983453664092e+03
6.427356272639820418e+03
6.430309561825976743e+03
6.433262851012133979e+03
6.436216140198290304e+03
6.439169429384446630e+03
6.442122718570603865e+03
6.445076007756760191e+03
6.448029296942916517e+03
6.450982586129073752e+03
6.453935875315230078e+03
6.456889164501386404e+03
6.459842453687542729e+03
6.462795742873699965e+03
6.465749032059856290e+03
6.468702321246012616e+03
6.471655610432169851e+03
6.474608899618326177e+03
6.477562188804482503e+03
6.480515477990639738e+03
6.483468767176796064e+03
6.486422056362952389e+03
6.489375345549108715e+03
6.492328634735265950e+03
6.495281923921422276e+03
6.498235213107578602e+03
6.501188502293735837e+03
6.504141791479892163e+03
6.507095080666048489e+03
6.510048369852205724e+03
6.513001659038362050e+03
6.515954948224518375e+03
6.518908237410674701e+03
6.521861526596831936e+03
6.524814815782988262e+03
6.527768104969144588e+03
6.530721394155301823e+03
6.533674683341458149e+03
6.536627972527614475e+03
6.539581261713771710e+03
6.542534550899928036e+03
6.545487840086084361e+03
6.548441129272241596e+03
6.551394418458397922e+03
6.554347707644554248e+03
6.557300996830710574e+03
6.560254286016867809e+03
6.563207575203024135e+03
6.566160864389180460e+03
6.569114153575337696e+03
6.572067442761494021e+03
6.575020731947650347e+03
6.577974021133807582e+03
6.580927310319963908e+03
6.583880599506120234e+03
6.586833888692276560e+03
6.589787177878433795e+03
6.592740467064590121e+03
6.595693756250746446e+03
6.598647045436903682e+03
6.601600334623060007e+03
6.604553623809216333e+03
6.607506912995373568e+03
6.610460202181529894e+03
6.613413491367686220e+03
6.616366780553842545e+03
6.619320069739999781e+03
6.622273358926156106e+03
6.625226648112312432e+03
6.628179937298469667e+03
6.631133226484625993e+03
6.634086515670782319e+03
6.637039804856939554e+03
6.639993094043095880e+03
6.642946383229252206e+03
6.645899672415409441e+03
6.648852961601565767e+03
6.651806250787722092e+03
6.654759539973878418e+03
6.657712829160035653e+03
6.660666118346191979e+03
6.663619407532348305e+03
6.666572696718505540e+03
6.669525985904661866e+03
6.672479275090818192e+03
6.675432564276975427e+03
6.678385853463131753e+03
6.681339142649288078e+03
6.684292431835444404e+03
6.687245721021601639e+03
6.690199010207757965e+03
6.693152299393914291e+03
6.696105588580071526e+03
6.699058877766227852e+03
6.702012166952384177e+03
6.704965456138541413e+03
6.707918745324697738e+03
6.710872034510854064e+03
6.713825323697010390e+03
6.716778612883167625e+03
6.719731902069323951e+03
6.722685191255480277e+03
6.725638480441637512e+03
6.728591769627793838e+03
6.731545058813950163e+03
6.734498348000107399e+03
6.737451637186263724e+03
6.740404926372420050e+03
6.743358215558576376e+03
6.746311504744733611e+03
6.749264793930889937e+03
6.752218083117046262e+03
6.755171372303203498e+03
6.758124661489359823e+03
6.761077950675516149e+03
6.764031239861673384e+03
6.766984529047829710e+03
6.769937818233986036e+03
6.772891107420143271e+03
6.775844396606299597e+03
6.778797685792455923e+03
6.781750974978612248e+03
6.784704264164769484e+03
6.787657553350925809e+03
6.790610842537082135e+03
6.793564131723239370e+03
6.796517420909395696e+03
6.799470710095552022e+03
6.802423999281709257e+03
6.805377288467865583e+03
6.808330577654021909e+03
6.811283866840178234e+03
6.814237156026335470e+03
6.817190445212491795e+03
6.820143734398648121e+03
6.823097023584805356e+03
6.826050312770961682e+03
6.829003601957118008e+03
6.831956891143275243e+03
6.834910180329431569e+03
6.837863469515587894e+03
6.840816758701744220e+03
6.843770047887901455e+03
6.846723337074057781e+03
6.849676626260214107e+03
6.852629915446371342e+03
6.855583204632527668e+03
6.858536493818683994e+03
6.861489783004841229e+03
6.864443072190997555e+03
6.867396361377153880e+03
6.870349650563311116e+03
6.873302939749467441e+03
6.876256228935623767e+03
6.879209518121780093e+03
6.882162807307937328e+03
6.885116096494093654e+03
6.888069385680249979e+03
6.891022674866407215e+03
6.893975964052563540e+03
6.896929253238719866e+03
6.899882542424877101e+03
6.902835831611033427e+03
6.905789120797189753e+03
6.908742409983346079e+03
6.911695699169503314e+03
6.914648988355659640e+03
6.917602277541815965e+03
6.920555566727973201e+03
6.923508855914129526e+03
6.926462145100285852e+03
6.929415434286443087e+03
6.932368723472599413e+03
6.935322012658755739e+03
6.938275301844912065e+03
6.941228591031069300e+03
6.944181880217225626e+03
6.947135169403381951e+03
6.950088458589539187e+03
6.953041747775695512e+03
6.955995036961851838e+03
6.958948326148009073e+03
6.961901615334165399e+03
6.964854904520321725e+03
6.967808193706478050e+03
6.970761482892635286e+03
6.973714772078791611e+03
6.976668061264947937e+03
6.979621350451105172e+03
6.982574639637261498e+03
6.985527928823417824e+03
6.988481218009575059e+03
6.991434507195731385e+03
6.994387796381887711e+03
6.997341085568044946e+03
7.000294374754201272e+03
7.003247663940357597e+03
7.006200953126513923e+03
7.009154242312671158e+03
7.012107531498827484e+03
7.015060820684983810e+03
7.018014109871141045e+03
7.020967399057297371e+03
7.023920688243453696e+03
7.026873977429610932e+03
7.029827266615767257e+03
7.032780555801923583e+03
7.035733844988079909e+03
7.038687134174237144e+03
7.041640423360393470e+03
7.044593712546549796e+03
7.047547001732707031e+03
7.050500290918863357e+03
7.053453580105019682e+03
7.056406869291176918e+03
7.059360158477333243e+03
7.062313447663489569e+03
7.065266736849645895e+03
7.068220026035803130e+03
7.071173315221959456e+03
7.074126604408115782e+03
7.077079893594273017e+03
7.080033182780429343e+03
7.082986471966585668e+03
7.085939761152742904e+03
7.088893050338899229e+03
7.091846339525055555e+03
7.094799628711212790e+03
7.097752917897369116e+03
7.100706207083525442e+03
7.103659496269681767e+03
7.106612785455839003e+03
7.109566074641995328e+03
7.112519363828151654e+03
7.115472653014308889e+03
7.118425942200465215e+03
7.121379231386621541e+03
7.124332520572778776e+03
7.127285809758935102e+03
7.130239098945091428e+03
7.133192388131247753e+03
7.136145677317404989e+03
7.139098966503561314e+03
7.142052255689717640e+03
7.145005544875874875e+03
7.147958834062031201e+03
7.150912123248187527e+03
7.153865412434344762e+03
7.156818701620501088e+03
7.159771990806657413e+03
7.162725279992813739e+03
7.165678569178970974e+03
7.168631858365127300e+03
7.171585147551283626e+03
7.174538436737440861e+03
7.177491725923597187e+03
7.180445015109753513e+03
7.183398304295910748e+03
7.186351593482067074e+03
7.189304882668223399e+03
7.192258171854380635e+03
7.195211461040536960e+03
7.198164750226693286e+03
7.201118039412849612e+03
7.204071328599006847e+03
7.207024617785163173e+03
7.209977906971319499e+03
7.212931196157476734e+03
7.215884485343633060e+03
7.218837774529789385e+03
7.221791063715946621e+03
7.224744352902102946e+03
7.227697642088259272e+03
7.230650931274415598e+03
7.233604220460572833e+03
7.236557509646729159e+03
7.239510798832885484e+03
7.242464088019042720e+03
7.245417377205199045e+03
7.248370666391355371e+03
7.251323955577512606e+03
7.254277244763668932e+03
7.257230533949825258e+03
7.260183823135981584e+03
7.263137112322138819e+03
7.266090401508295145e+03
7.269043690694451470e+03
7.271996979880608706e+03
7.274950269066765031e+03
7.277903558252921357e+03
7.280856847439078592e+03
7.283810136625234918e+03
7.286763425811391244e+03
7.289716714997547570e+03
7.292670004183704805e+03
7.295623293369861130e+03
7.298576582556017456e+03
7.301529871742174691e+03
7.304483160928331017e+03
7.307436450114487343e+03
7.310389739300644578e+03
7.313343028486800904e+03
7.316296317672957230e+03
7.319249606859114465e+03
7.322202896045270791e+03
7.325156185231427116e+03
7.328109474417583442e+03
7.331062763603740677e+03
7.334016052789897003e+03
7.336969341976053329e+03
7.339922631162210564e+03
7.342875920348366890e+03
7.345829209534523216e+03
7.348782498720680451e+03
7.351735787906836777e+03
7.354689077092993102e+03
7.357642366279149428e+03
7.360595655465306663e+03
7.363548944651462989e+03
7.366502233837619315e+03
7.369455523023776550e+03
7.372408812209932876e+03
7.375362101396089201e+03
7.378315390582246437e+03
7.381268679768402762e+03
7.384221968954559088e+03
7.387175258140715414e+03
7.390128547326872649e+03
7.393081836513028975e+03
7.396035125699185301e+03
7.398988414885342536e+03
7.401941704071498862e+03
7.404894993257655187e+03
7.407848282443812423e+03
7.410801571629968748e+03
7.413754860816125074e+03
7.416708150002282309e+03
7.419661439188438635e+03
7.422614728374594961e+03
7.425568017560751287e+03
7.428521306746908522e+03
7.431474595933064847e+03
7.434427885119221173e+03
7.437381174305378408e+03
7.440334463491534734e+03
7.443287752677691060e+03
7.446241041863848295e+03
7.449194331050004621e+03
7.452147620236160947e+03
7.455100909422317272e+03
7.458054198608474508e+03
7.461007487794630833e+03
7.463960776980787159e+03
7.466914066166944394e+03
7.469867355353100720e+03
7.472820644539257046e+03
7.475773933725414281e+03
7.478727222911570607e+03
7.481680512097726933e+03
7.484633801283883258e+03
7.487587090470040494e+03
7.490540379656196819e+03
7.493493668842353145e+03
7.496446958028510380e+03
7.499400247214666706e+03
7.502353536400823032e+03
7.505306825586980267e+03
7.508260114773136593e+03
7.511213403959292918e+03
7.514166693145450154e+03
7.517119982331606479e+03
7.520073271517762805e+03
7.523026560703919131e+03
7.525979849890076366e+03
7.528933139076232692e+03
7.531886428262389018e+03
7.534839717448546253e+03
7.537793006634702579e+03
7.540746295820858904e+03
7.543699585007016140e+03
7.546652874193172465e+03
7.549606163379328791e+03
7.552559452565485117e+03
7.555512741751642352e+03
7.558466030937798678e+03
7.561419320123955004e+03
7.564372609310112239e+03
7.567325898496268564e+03
7.570279187682424890e+03
7.573232476868582125e+03
7.576185766054738451e+03
7.579139055240894777e+03
7.582092344427051103e+03
7.585045633613208338e+03
7.587998922799364664e+03
7.590952211985520989e+03
7.593905501171678225e+03
7.596858790357834550e+03
7.599812079543990876e+03
7.602765368730148111e+03
7.605718657916304437e+03
7.608671947102460763e+03
7.611625236288617089e+03
7.614578525474774324e+03
7.617531814660930650e+03
7.620485103847086975e+03
7.623438393033244211e+03
7.626391682219400536e+03
7.629344971405556862e+03
7.632298260591714097e+03
7.635251549777870423e+03
7.638204838964026749e+03
7.641158128150183984e+03
7.644111417336340310e+03
7.647064706522496635e+03
7.650017995708652961e+03
7.652971284894810196e+03
7.655924574080966522e+03
7.658877863267122848e+03
7.661831152453280083e+03
7.664784441639436409e+03
7.667737730825592735e+03
7.670691020011749970e+03
7.673644309197906296e+03
7.676597598384062621e+03
7.679550887570218947e+03
7.682504176756376182e+03
7.685457465942532508e+03
7.688410755128688834e+03
7.691364044314846069e+03
7.694317333501002395e+03
7.697270622687158721e+03
7.700223911873315956e+03
7.703177201059472281e+03
7.706130490245628607e+03
7.709083779431784933e+03
7.712037068617942168e+03
7.714990357804098494e+03
7.717943646990254820e+03
7.720896936176412055e+03
7.723850225362568381e+03
7.726803514548724706e+03
7.729756803734881942e+03
7.732710092921038267e+03
7.735663382107194593e+03
7.738616671293351828e+03
7.741569960479508154e+03
7.744523249665664480e+03
7.747476538851820806e+03
7.750429828037978041e+03
7.753383117224134367e+03
7.756336406410290692e+03
7.759289695596447928e+03
7.762242984782604253e+03
7.765196273968760579e+03
7.768149563154917814e+03
7.771102852341074140e+03
7.774056141527230466e+03
7.777009430713386791e+03
7.779962719899544027e+03
7.782916009085700352e+03
7.785869298271856678e+03
7.788822587458013913e+03
7.791775876644170239e+03
7.794729165830326565e+03
7.797682455016483800e+03
7.800635744202640126e+03
7.803589033388796452e+03
7.806542322574952777e+03
7.809495611761110013e+03
7.812448900947266338e+03
7.815402190133422664e+03
7.818355479319579899e+03
7.821308768505736225e+03
7.824262057691892551e+03
7.827215346878049786e+03
7.830168636064206112e+03
7.833121925250362438e+03
7.836075214436519673e+03
7.839028503622675998e+03
7.841981792808832324e+03
7.844935081994988650e+03
7.847888371181145885e+03
7.850841660367302211e+03
7.853794949553458537e+03
7.856748238739615772e+03
7.859701527925772098e+03
7.862654817111928423e+03
7.865608106298085659e+03
7.868561395484241984e+03
7.871514684670398310e+03
7.874467973856554636e+03
7.877421263042711871e+03
7.880374552228868197e+03
7.883327841415024523e+03
7.886281130601181758e+03
7.889234419787338084e+03
7.892187708973494409e+03
7.895140998159651645e+03
7.898094287345807970e+03
7.901047576531964296e+03
7.904000865718120622e+03
7.906954154904277857e+03
7.909907444090434183e+03
7.912860733276590508e+03
7.915814022462747744e+03
7.918767311648904069e+03
7.921720600835060395e+03
7.924673890021217630e+03
7.927627179207373956e+03
7.930580468393530282e+03
7.933533757579686608e+03
7.936487046765843843e+03
7.939440335952000169e+03
7.942393625138156494e+03
7.945346914324313730e+03
7.948300203510470055e+03
7.951253492696626381e+03
7.954206781882783616e+03
7.957160071068939942e+03
7.960113360255096268e+03
7.963066649441253503e+03
7.966019938627409829e+03
7.968973227813566155e+03
7.971926516999722480e+03
7.974879806185879715e+03
7.977833095372036041e+03
7.980786384558192367e+03
7.983739673744349602e+03
7.986692962930505928e+03
7.989646252116662254e+03
7.992599541302819489e+03
7.995552830488975815e+03
7.998506119675132140e+03
8.001459408861288466e+03
8.004412698047445701e+03
8.007365987233602027e+03
8.010319276419758353e+03
8.013272565605915588e+03
8.016225854792071914e+03
8.019179143978228240e+03
8.022132433164385475e+03
8.025085722350541801e+03
8.028039011536698126e+03
8.030992300722854452e+03
8.033945589909011687e+03
8.036898879095168013e+03
8.039852168281324339e+03
8.042805457467481574e+03
8.045758746653637900e+03
8.048712035839794225e+03
8.051665325025951461e+03
8.054618614212107786e+03
8.057571903398264112e+03
8.060525192584421347e+03
8.063478481770577673e+03
8.066431770956733999e+03
8.069385060142890325e+03
8.072338349329047560e+03
8.075291638515203886e+03
8.078244927701360211e+03
8.081198216887517447e+03
8.084151506073673772e+03
8.087104795259830098e+03
8.090058084445987333e+03
8.093011373632143659e+03
8.095964662818299985e+03
8.098917952004456311e+03
8.101871241190613546e+03
8.104824530376769872e+03
8.107777819562926197e+03
8.110731108749083432e+03
8.113684397935239758e+03
8.116637687121396084e+03
8.119590976307553319e+03
8.122544265493709645e+03
8.125497554679865971e+03
8.128450843866022296e+03
8.131404133052179532e+03
8.134357422238335857e+03
8.137310711424492183e+03
8.140264000610649418e+03
8.143217289796805744e+03
8.146170578982962070e+03
8.149123868169119305e+03
8.152077157355275631e+03
8.155030446541431957e+03
8.157983735727589192e+03
8.160937024913745518e+03
8.163890314099901843e+03
8.166843603286058169e+03
8.169796892472215404e+03
8.172750181658371730e+03
8.175703470844528056e+03
8.178656760030685291e+03
8.181610049216841617e+03
8.184563338402997942e+03
8.187516627589155178e+03
8.190469916775311503e+03
8.193423205961467829e+03
8.196376495147624155e+03
8.199329784333780481e+03
8.202283073519936806e+03
8.205236362706093132e+03
8.208189651892251277e+03
8.211142941078407603e+03
8.214096230264563928e+03
8.217049519450720254e+03
8.220002808636876580e+03
8.222956097823032906e+03
8.225909387009189231e+03
8.228862676195347376e+03
8.231815965381503702e+03
8.234769254567660028e+03
8.237722543753816353e+03
8.240675832939972679e+03
8.243629122126129005e+03
8.246582411312287149e+03
8.249535700498443475e+03
8.252488989684599801e+03
8.255442278870756127e+03
8.258395568056912452e+03
8.261348857243068778e+03
8.264302146429225104e+03
8.267255435615383249e+03
8.270208724801539574e+03
8.273162013987695900e+03
8.276115303173852226e+03
8.279068592360008552e+03
8.282021881546164877e+03
8.284975170732323022e+03
8.287928459918479348e+03
8.290881749104635674e+03
8.293835038290791999e+03
8.296788327476948325e+03
8.299741616663104651e+03
8.302694905849260977e+03
8.305648195035419121e+03
8.308601484221575447e+03
8.311554773407731773e+03
8.314508062593888098e+03
8.317461351780044424e+03
8.320414640966200750e+03
8.323367930152357076e+03
8.326321219338515220e+03
8.329274508524671546e+03
8.332227797710827872e+03
8.335181086896984198e+03
8.338134376083140523e+03
8.341087665269296849e+03
8.344040954455454994e+03
8.346994243641611320e+03
8.349947532827767645e+03
8.352900822013923971e+03
8.355854111200080297e+03
8.358807400386236623e+03
8.361760689572392948e+03
8.364713978758551093e+03
8.367667267944707419e+03
8.370620557130863745e+03
8.373573846317020070e+03
8.376527135503176396e+03
8.379480424689332722e+03
8.382433713875490866e+03
8.385387003061647192e+03
8.388340292247803518e+03
8.391293581433959844e+03
8.394246870620116169e+03
8.397200159806272495e+03
8.400153448992428821e+03
8.403106738178586966e+03
8.406060027364743291e+03
8.409013316550899617e+03
8.411966605737055943e+03
8.414919894923212269e+03
8.417873184109368594e+03
8.420826473295524920e+03
8.423779762481683065e+03
8.426733051667839391e+03
8.429686340853995716e+03
8.432639630040152042e+03
8.435592919226308368e+03
8.438546208412464694e+03
8.441499497598622838e+03
8.444452786784779164e+03
8.447406075970935490e+03
8.450359365157091815e+03
8.453312654343248141e+03
8.456265943529404467e+03
8.459219232715560793e+03
8.462172521901718937e+03
8.465125811087875263e+03
8.468079100274031589e+03
8.471032389460187915e+03
8.473985678646344240e+03
8.476938967832500566e+03
8.479892257018658711e+03
8.482845546204815037e+03
8.485798835390971362e+03
8.488752124577127688e+03
8.491705413763284014e+03
8.494658702949440340e+03
8.497611992135596665e+03
8.500565281321754810e+03
8.503518570507911136e+03
8.506471859694067462e+03
8.509425148880223787e+03
8.512378438066380113e+03
8.515331727252536439e+03
8.518285016438692764e+03
8.521238305624850909e+03
8.524191594811007235e+03
8.527144883997163561e+03
8.530098173183319886e+03
8.533051462369476212e+03
8.536004751555632538e+03
8.538958040741790683e+03
8.541911329927947008e+03
8.544864619114103334e+03
8.547817908300259660e+03
8.550771197486415986e+03
8.553724486672572311e+03
8.556677775858728637e+03
8.559631065044886782e+03
8.562584354231043108e+03
8.565537643417199433e+03
8.568490932603355759e+03
8.571444221789512085e+03
8.574397510975668411e+03
8.577350800161824736e+03
8.580304089347982881e+03
8.583257378534139207e+03
8.586210667720295532e+03
8.589163956906451858e+03
8.592117246092608184e+03
8.595070535278764510e+03
8.598023824464922654e+03
8.600977113651078980e+03
8.603930402837235306e+03
8.606883692023391632e+03
8.609836981209547957e+03
8.612790270395704283e+03
8.615743559581860609e+03
8.618696848768018754e+03
8.621650137954175079e+03
8.624603427140331405e+03
8.627556716326487731e+03
8.630510005512644057e+03
8.633463294698800382e+03
8.636416583884958527e+03
8.639369873071114853e+03
8.642323162257271179e+03
8.645276451443427504e+03
8.648229740629583830e+03
8.651183029815740156e+03
8.654136319001896481e+03
8.657089608188054626e+03
8.660042897374210952e+03
8.662996186560367278e+03
8.665949475746523603e+03
8.668902764932679929e+03
8.671856054118836255e+03
8.674809343304992581e+03
8.677762632491150725e+03
8.680715921677307051e+03
8.683669210863463377e+03
8.686622500049619703e+03
8.689575789235776028e+03
8.692529078421932354e+03
8.695482367608090499e+03
8.698435656794246825e+03
8.701388945980403150e+03
8.704342235166559476e+03
8.707295524352715802e+03
8.710248813538872128e+03
8.713202102725028453e+03
8.716155391911186598e+03
8.719108681097342924e+03
8.722061970283499249e+03
8.725015259469655575e+03
8.727968548655811901e+03
8.730921837841968227e+03
8.733875127028126371e+03
8.736828416214282697e+03
8.739781705400439023e+03
8.742734994586595349e+03
8.745688283772751674e+03
8.748641572958908000e+03
8.751594862145064326e+03
8.754548151331222471e+03
8.757501440517378796e+03
8.760454729703535122e+03
8.763408018889691448e+03
8.766361308075847774e+03
8.769314597262004099e+03
8.772267886448160425e+03
8.775221175634318570e+03
8.778174464820474896e+03
8.781127754006631221e+03
8.784081043192787547e+03
8.787034332378943873e+03
8.789987621565100198e+03
8.792940910751258343e+03
8.795894199937414669e+03
8.798847489123570995e+03
8.801800778309727320e+03
8.804754067495883646e+03
8.807707356682039972e+03
8.810660645868196298e+03
8.813613935054354442e+03
8.816567224240510768e+03
8.819520513426667094e+03
8.822473802612823420e+03
8.825427091798979745e+03
8.828380380985136071e+03
8.831333670171294216e+03
8.834286959357450542e+03
8.837240248543606867e+03
8.840193537729763193e+03
8.843146826915919519e+03
8.846100116102075845e+03
8.849053405288232170e+03
8.852006694474390315e+03
8.854959983660546641e+03
8.857913272846702966e+03
8.860866562032859292e+03
8.863819851219015618e+03
8.866773140405171944e+03
8.869726429591328269e+03
8.872679718777486414e+03
8.875633007963642740e+03
8.878586297149799066e+03
8.881539586335955391e+03
8.884492875522111717e+03
8.887446164708268043e+03
8.890399453894426188e+03
8.893352743080582513e+03
8.896306032266738839e+03
8.899259321452895165e+03
8.902212610639051491e+03
8.905165899825207816e+03
8.908119189011364142e+03
8.911072478197522287e+03
8.914025767383678613e+03
8.916979056569834938e+03
8.919932345755991264e+03
8.922885634942147590e+03
8.925838924128303915e+03
8.928792213314462060e+03
8.931745502500618386e+03
8.934698791686774712e+03
8.937652080872931037e+03
8.940605370059087363e+03
8.943558659245243689e+03
8.946511948431400015e+03
8.949465237617558159e+03
8.952418526803714485e+03
8.955371815989870811e+03
8.958325105176027137e+03
8.961278394362183462e+03
8.964231683548339788e+03
8.967184972734496114e+03
8.970138261920654259e+03
8.973091551106810584e+03
8.976044840292966910e+03
8.978998129479123236e+03
8.981951418665279562e+03
8.984904707851435887e+03
8.987857997037594032e+03
8.990811286223750358e+03
8.993764575409906683e+03
8.996717864596063009e+03
8.999671153782219335e+03
9.002624442968375661e+03
9.005577732154531986e+03
9.008531021340690131e+03
9.011484310526846457e+03
9.014437599713002783e+03
9.017390888899159108e+03
9.020344178085315434e+03
9.023297467271471760e+03
9.026250756457629905e+03
9.029204045643786230e+03
9.032157334829942556e+03
9.035110624016098882e+03
9.038063913202255208e+03
9.041017202388411533e+03
9.043970491574567859e+03
9.046923780760726004e+03
9.049877069946882330e+03
9.052830359133038655e+03
9.055783648319194981e+03
9.058736937505351307e+03
9.061690226691507632e+03
9.064643515877663958e+03
9.067596805063822103e+03
9.070550094249978429e+03
9.073503383436134754e+03
9.076456672622291080e+03
9.079409961808447406e+03
9.082363250994603732e+03
9.085316540180761876e+03
9.088269829366918202e+03
9.091223118553074528e+03
9.094176407739230854e+03
9.097129696925387179e+03
9.100082986111543505e+03
9.103036275297699831e+03
9.105989564483857976e+03
9.108942853670014301e+03
9.111896142856170627e+03
9.114849432042326953e+03
9.117802721228483279e+03
9.120756010414639604e+03
9.123709299600795930e+03
9.126662588786954075e+03
9.129615877973110400e+03
9.132569167159266726e+03
9.135522456345423052e+03
9.138475745531579378e+03
9.141429034717735703e+03
9.144382323903893848e+03
9.147335613090050174e+03
9.150288902276206500e+03
9.153242191462362825e+03
9.156195480648519151e+03
9.159148769834675477e+03
9.162102059020831803e+03
9.165055348206989947e+03
9.168008637393146273e+03
9.170961926579302599e+03
9.173915215765458925e+03
9.176868504951615250e+03
9.179821794137771576e+03
9.182775083323929721e+03
9.185728372510086047e+03
9.188681661696242372e+03
9.191634950882398698e+03
9.194588240068555024e+03
9.197541529254711349e+03
9.200494818440867675e+03
9.203448107627025820e+03
9.206401396813182146e+03
9.209354685999338471e+03
9.212307975185494797e+03
9.215261264371651123e+03
9.218214553557807449e+03
9.221167842743963774e+03
9.224121131930121919e+03
9.227074421116278245e+03
9.230027710302434571e+03
9.232980999488590896e+03
9.235934288674747222e+03
9.238887577860903548e+03
9.241840867047061693e+03
9.244794156233218018e+03
9.247747445419374344e+03
9.250700734605530670e+03
9.253654023791686996e+03
9.256607312977843321e+03
9.259560602163999647e+03
9.262513891350157792e+03
9.265467180536314117e+03
9.268420469722470443e+03
9.271373758908626769e+03
9.274327048094783095e+03
9.277280337280939420e+03
9.280233626467097565e+03
9.283186915653253891e+03
9.286140204839410217e+03
9.289093494025566542e+03
9.292046783211722868e+03
9.295000072397879194e+03
9.297953361584035520e+03
9.300906650770193664e+03
9.303859939956349990e+03
9.306813229142506316e+03
9.309766518328662642e+03
9.312719807514818967e+03
9.315673096700975293e+03
9.318626385887131619e+03
9.321579675073289764e+03
9.324532964259446089e+03
9.327486253445602415e+03
9.330439542631758741e+03
9.333392831817915066e+03
9.336346121004071392e+03
9.339299410190229537e+03
9.342252699376385863e+03
9.345205988562542188e+03
9.348159277748698514e+03
9.351112566934854840e+03
9.354065856121011166e+03
9.357019145307167491e+03
9.359972434493325636e+03
9.362925723679481962e+03
9.365879012865638288e+03
9.368832302051794613e+03
9.371785591237950939e+03
9.374738880424107265e+03
9.377692169610265410e+03
9.380645458796421735e+03
9.383598747982578061e+03
9.386552037168734387e+03
9.389505326354890713e+03
9.392458615541047038e+03
9.395411904727203364e+03
9.398365193913361509e+03
9.401318483099517834e+03
9.404271772285674160e+03
9.407225061471830486e+03
9.410178350657986812e+03
9.413131639844143137e+03
9.416084929030299463e+03
9.419038218216457608e+03
9.421991507402613934e+03
9.424944796588770259e+03
9.427898085774926585e+03
9.430851374961082911e+03
9.433804664147239237e+03
9.436757953333397381e+03
9.439711242519553707e+03
9.442664531705710033e+03
9.445617820891866359e+03
9.448571110078022684e+03
9.451524399264179010e+03
9.454477688450335336e+03
9.457430977636493481e+03
9.460384266822649806e+03
9.463337556008806132e+03
9.466290845194962458e+03
9.469244134381118783e+03
9.472197423567275109e+03
9.475150712753433254e+03
9.478104001939589580e+03
9.481057291125745905e+03
9.484010580311902231e+03
9.486963869498058557e+03
9.489917158684214883e+03
9.492870447870371208e+03
9.495823737056529353e+03
9.498777026242685679e+03
9.501730315428842005e+03
9.504683604614998330e+03
9.507636893801154656e+03
9.510590182987310982e+03
9.513543472173467308e+03
9.516496761359625452e+03
9.519450050545781778e+03
9.522403339731938104e+03
9.525356628918094430e+03
9.528309918104250755e+03
9.531263207290407081e+03
9.534216496476565226e+03
9.537169785662721551e+03
9.540123074848877877e+03
9.543076364035034203e+03
9.546029653221190529e+03
9.548982942407346854e+03
9.551936231593503180e+03
9.554889520779661325e+03
9.557842809965817651e+03
9.560796099151973976e+03
9.563749388338130302e+03
9.566702677524286628e+03
9.569655966710442954e+03
9.572609255896601098e+03
9.575562545082757424e+03
9.578515834268913750e+03
9.581469123455070076e+03
9.584422412641226401e+03
9.587375701827382727e+03
9.590328991013539053e+03
9.593282280199697198e+03
9.596235569385853523e+03
9.599188858572009849e+03
9.602142147758166175e+03
9.605095436944322500e+03
9.608048726130478826e+03
9.611002015316635152e+03
9.613955304502793297e+03
9.616908593688949622e+03
9.619861882875105948e+03
9.622815172061262274e+03
9.625768461247418600e+03
9.628721750433574925e+03
9.631675039619733070e+03
9.634628328805889396e+03
9.637581617992045722e+03
9.640534907178202047e+03
9.643488196364358373e+03
9.646441485550514699e+03
9.649394774736671025e+03
9.652348063922829169e+03
9.655301353108985495e+03
9.658254642295141821e+03
9.661207931481298147e+03
9.664161220667454472e+03
9.667114509853610798e+03
9.670067799039768943e+03
9.673021088225925268e+03
9.675974377412081594e+03
9.678927666598237920e+03
9.681880955784394246e+03
9.684834244970550571e+03
9.687787534156706897e+03
9.690740823342865042e+03
9.693694112529021368e+03
9.696647401715177693e+03
9.699600690901334019e+03
9.702553980087490345e+03
9.705507269273646671e+03
9.708460558459802996e+03
9.711413847645961141e+03
9.714367136832117467e+03
9.717320426018273793e+03
9.720273715204430118e+03
9.723227004390586444e+03
9.726180293576742770e+03
9.729133582762900915e+03
9.732086871949057240e+03
9.735040161135213566e+03
9.737993450321369892e+03
9.740946739507526217e+03
9.743900028693682543e+03
9.746853317879838869e+03
9.749806607065997014e+03
9.752759896252153339e+03
9.755713185438309665e+03
9.758666474624465991e+03
9.761619763810622317e+03
9.764573052996778642e+03
9.767526342182934968e+03
9.770479631369093113e+03
9.773432920555249439e+03
9.776386209741405764e+03
9.779339498927562090e+03
9.782292788113718416e+03
9.785246077299874742e+03
9.788199366486032886e+03
9.791152655672189212e+03
9.794105944858345538e+03
9.797059234044501864e+03
9.800012523230658189e+03
9.802965812416814515e+03
9.805919101602970841e+03
9.808872390789128985e+03
9.811825679975285311e+03
9.814778969161441637e+03
9.817732258347597963e+03
9.820685547533754288e+03
9.823638836719910614e+03
9.826592125906068759e+03
9.829545415092225085e+03
9.832498704278381410e+03
9.835451993464537736e+03
9.838405282650694062e+03
9.841358571836850388e+03
9.844311861023006713e+03
9.847265150209164858e+03
9.850218439395321184e+03
9.853171728581477510e+03
9.856125017767633835e+03
9.859078306953790161e+03
9.862031596139946487e+03
9.864984885326102813e+03
9.867938174512260957e+03
9.870891463698417283e+03
9.873844752884573609e+03
9.876798042070729934e+03
9.879751331256886260e+03
9.882704620443044405e+03
9.885657909629200731e+03
9.888611198815357056e+03
9.891564488001513382e+03
9.894517777187669708e+03
9.897471066373826034e+03
9.900424355559984178e+03
9.903377644746140504e+03
9.906330933932296830e+03
9.909284223118453156e+03
9.912237512304609481e+03
9.915190801490765807e+03
9.918144090676922133e+03
9.921097379863080278e+03
9.924050669049236603e+03
9.927003958235392929e+03
9.929957247421549255e+03
9.932910536607705581e+03
9.935863825793861906e+03
9.938817114980020051e+03
9.941770404166176377e+03
9.944723693352332702e+03
9.947676982538489028e+03
9.950630271724645354e+03
9.953583560910801680e+03
9.956536850096958005e+03
9.959490139283116150e+03
9.962443428469272476e+03
9.965396717655428802e+03
9.968350006841585127e+03
9.971303296027741453e+03
9.974256585213897779e+03
9.977209874400054105e+03
9.980163163586212249e+03
9.983116452772368575e+03
9.986069741958524901e+03
9.989023031144681227e+03
9.991976320330837552e+03
9.994929609516993878e+03
9.997882898703152023e+03
1.000083618788930835e+04
1.000378947707546467e+04
1.000674276626162100e+04
1.000969605544777733e+04
1.001264934463393365e+04
1.001560263382008998e+04
1.001855592300624812e+04
1.002150921219240445e+04
1.002446250137856077e+04
1.002741579056471710e+04
1.003036907975087342e+04
1.003332236893702975e+04
1.003627565812318790e+04
1.003922894730934422e+04
1.004218223649550055e+04
1.004513552568165687e+04
1.004808881486781320e+04
1.005104210405396952e+04
1.005399539324012585e+04
1.005694868242628399e+04
1.005990197161244032e+04
1.006285526079859665e+04
1.006580854998475297e+04
1.006876183917090930e+04
1.007171512835706562e+04
1.007466841754322195e+04
1.007762170672938009e+04
1.008057499591553642e+04
1.008352828510169275e+04
1.008648157428784907e+04
1.008943486347400540e+04
1.009238815266016172e+04
1.009534144184631987e+04
1.009829473103247619e+04
1.010124802021863252e+04
1.010420130940478884e+04
1.010715459859094517e+04
1.011010788777710150e+04
1.011306117696325782e+04
1.011601446614941597e+04
1.011896775533557229e+04
1.012192104452172862e+04
1.012487433370788494e+04
1.012782762289404127e+04
1.013078091208019760e+04
1.013373420126635574e+04
1.013668749045251207e+04
1.013964077963866839e+04
1.014259406882482472e+04
1.014554735801098104e+04
1.014850064719713737e+04
1.015145393638329369e+04
1.015440722556945184e+04
1.015736051475560816e+04
1.016031380394176449e+04
1.016326709312792082e+04
1.016622038231407714e+04
1.016917367150023347e+04
1.017212696068638979e+04
1.017508024987254794e+04
1.017803353905870426e+04
1.018098682824486059e+04
1.018394011743101692e+04
1.018689340661717324e+04
1.018984669580332957e+04
1.019279998498948771e+04
1.019575327417564404e+04
1.019870656336180036e+04